3000 3000
702056532 702056554 702056533 702056555 702056557 702056548 702056527 702056546 702056514 702056556 702056510 702056562 702056514 702056531 702056538 702056558 702056509 702056529 702056537 702056548 702056525 702056540 702056558 702056526 702056510 702056512 702056545 702056557 702056522 702056558 702056517 702056541 702056546 702056562 702056561 702056550 702056534 702056515 702056544 702056521 702056517 702056547 702056509 702056538 702056531 702056556 702056559 702056560 702056505 702056556 702056549 702056536 702056529 702056505 702056515 702056562 702056519 702056543 702056504 702056529 702056517 702056505 702056527 702056535 702056547 702056556 702056562 702056504 702056556 702056544 702056553 702056526 702056536 702056528 702056508 702056532 702056540 702056554 702056528 702056563 702056541 702056549 702056534 702056546 702056505 702056546 702056517 702056504 702056540 702056551 702056547 702056524 702056520 702056535 702056520 702056532 702056526 702056536 702056511 702056519 702056526 702056547 702056511 702056514 702056515 702056555 702056507 702056552 702056549 702056515 702056506 702056525 702056533 702056548 702056551 702056515 702056537 702056556 702056526 702056556 702056553 702056506 702056514 702056505 702056543 702056507 702056562 702056527 702056508 702056558 702056540 702056529 702056505 702056521 702056540 702056511 702056522 702056553 702056554 702056558 702056546 702056562 702056516 702056533 702056538 702056509 702056545 702056546 702056521 702056541 702056508 702056551 702056559 702056551 702056506 702056521 702056535 702056521 702056532 702056532 702056546 702056506 702056549 702056509 702056559 702056544 702056506 702056535 702056522 702056561 702056509 702056506 702056524 702056543 702056534 702056516 702056534 702056561 702056530 702056559 702056550 702056524 702056522 702056552 702056544 702056530 702056561 702056523 702056518 702056545 702056562 702056504 702056553 702056537 702056507 702056535 702056558 702056506 702056525 702056509 702056534 702056552 702056521 702056545 702056542 702056527 702056536 702056516 702056555 702056535 702056512 702056542 702056527 702056509 702056557 702056507 702056538 702056535 702056517 702056555 702056558 702056544 702056540 702056513 702056512 702056526 702056513 702056552 702056561 702056515 702056559 702056541 702056506 702056540 702056549 702056554 702056524 702056505 702056550 702056555 702056508 702056515 702056550 702056508 702056512 702056524 702056519 702056532 702056533 702056515 702056541 702056513 702056527 702056549 702056551 702056529 702056560 702056513 702056519 702056562 702056560 702056509 702056550 702056548 702056514 702056535 702056549 702056530 702056562 702056553 702056557 702056532 702056558 702056525 702056537 702056552 702056558 702056518 702056534 702056528 702056559 702056545 702056506 702056549 702056515 702056552 702056506 702056540 702056507 702056511 702056546 702056563 702056532 702056530 702056529 702056533 702056519 702056528 702056550 702056551 702056533 702056531 702056524 702056528 702056540 702056554 702056543 702056538 702056547 702056514 702056509 702056554 702056534 702056537 702056526 702056544 702056524 702056514 702056537 702056508 702056515 702056562 702056545 702056555 702056540 702056541 702056556 702056540 702056524 702056527 702056515 702056547 702056532 702056504 702056536 702056533 702056518 702056517 702056526 702056506 702056529 702056504 702056553 702056514 702056561 702056563 702056511 702056545 702056533 702056509 702056560 702056527 702056547 702056548 702056527 702056544 702056532 702056526 702056504 702056553 702056509 702056557 702056524 702056505 702056507 702056547 702056559 702056505 702056552 702056530 702056545 702056545 702056508 702056504 702056504 702056528 702056560 702056552 702056560 702056548 702056510 702056527 702056516 702056552 702056515 702056545 702056535 702056508 702056520 702056518 702056531 702056508 702056518 702056553 702056509 702056549 702056531 702056544 702056535 702056535 702056530 702056533 702056540 702056518 702056526 702056507 702056520 702056553 702056560 702056527 702056522 702056529 702056540 702056540 702056504 702056531 702056524 702056519 702056518 702056510 702056553 702056531 702056523 702056518 702056520 702056559 702056511 702056528 702056550 702056551 702056515 702056563 702056521 702056539 702056520 702056525 702056529 702056532 702056512 702056528 702056527 702056560 702056519 702056545 702056554 702056538 702056516 702056552 702056533 702056528 702056554 702056542 702056534 702056539 702056536 702056546 702056510 702056547 702056516 702056537 702056562 702056549 702056539 702056510 702056556 702056539 702056512 702056506 702056520 702056515 702056505 702056537 702056559 702056504 702056509 702056531 702056552 702056511 702056505 702056504 702056522 702056515 702056530 702056533 702056543 702056542 702056532 702056524 702056532 702056530 702056510 702056504 702056514 702056509 702056520 702056563 702056559 702056509 702056548 702056534 702056523 702056560 702056553 702056532 702056544 702056553 702056531 702056539 702056550 702056562 702056509 702056510 702056547 702056540 702056558 702056561 702056548 702056518 702056517 702056537 702056510 702056514 702056533 702056553 702056551 702056547 702056505 702056546 702056510 702056537 702056528 702056532 702056555 702056552 702056506 702056534 702056532 702056529 702056510 702056506 702056545 702056543 702056542 702056542 702056529 702056552 702056530 702056512 702056542 702056541 702056514 702056508 702056553 702056561 702056527 702056529 702056555 702056519 702056558 702056515 702056550 702056532 702056561 702056508 702056562 702056562 702056563 702056510 702056509 702056543 702056504 702056526 702056551 702056518 702056539 702056525 702056523 702056561 702056551 702056514 702056512 702056506 702056563 702056537 702056560 702056555 702056506 702056547 702056552 702056557 702056543 702056539 702056554 702056529 702056526 702056530 702056562 702056558 702056517 702056512 702056514 702056532 702056547 702056553 702056546 702056504 702056537 702056546 702056537 702056561 702056544 702056549 702056550 702056557 702056552 702056532 702056555 702056554 702056505 702056563 702056546 702056506 702056513 702056545 702056518 702056536 702056511 702056535 702056546 702056540 702056550 702056557 702056539 702056558 702056559 702056538 702056562 702056528 702056507 702056533 702056551 702056532 702056521 702056563 702056520 702056555 702056530 702056506 702056526 702056528 702056544 702056509 702056551 702056549 702056546 702056525 702056539 702056505 702056556 702056534 702056511 702056509 702056504 702056515 702056533 702056539 702056522 702056562 702056549 702056546 702056508 702056506 702056534 702056548 702056559 702056551 702056515 702056531 702056516 702056537 702056522 702056524 702056508 702056521 702056553 702056511 702056553 702056535 702056527 702056517 702056522 702056547 702056540 702056540 702056538 702056508 702056523 702056514 702056550 702056504 702056513 702056559 702056527 702056545 702056516 702056539 702056537 702056561 702056558 702056509 702056554 702056547 702056562 702056558 702056508 702056532 702056519 702056506 702056563 702056556 702056528 702056514 702056507 702056514 702056541 702056509 702056533 702056543 702056557 702056512 702056521 702056520 702056521 702056545 702056517 702056523 702056527 702056508 702056535 702056550 702056533 702056513 702056525 702056520 702056530 702056527 702056504 702056529 702056549 702056528 702056553 702056519 702056522 702056507 702056534 702056524 702056550 702056532 702056527 702056513 702056535 702056544 702056554 702056538 702056521 702056506 702056516 702056515 702056515 702056515 702056505 702056536 702056512 702056519 702056548 702056506 702056523 702056546 702056552 702056525 702056531 702056536 702056516 702056512 702056551 702056525 702056516 702056544 702056555 702056562 702056534 702056524 702056525 702056533 702056526 702056562 702056526 702056522 702056515 702056521 702056530 702056536 702056551 702056529 702056524 702056548 702056555 702056543 702056559 702056507 702056544 702056522 702056510 702056543 702056559 702056511 702056537 702056518 702056527 702056506 702056513 702056530 702056557 702056550 702056536 702056550 702056539 702056529 702056535 702056563 702056530 702056546 702056526 702056528 702056558 702056545 702056556 702056531 702056546 702056514 702056536 702056522 702056557 702056554 702056537 702056527 702056559 702056529 702056539 702056544 702056505 702056538 702056555 702056524 702056509 702056546 702056555 702056560 702056508 702056538 702056536 702056535 702056561 702056504 702056526 702056530 702056533 702056514 702056560 702056520 702056509 702056531 702056513 702056544 702056518 702056560 702056528 702056562 702056530 702056553 702056537 702056506 702056520 702056561 702056541 702056524 702056548 702056505 702056530 702056525 702056533 702056553 702056517 702056549 702056525 702056537 702056543 702056538 702056504 702056558 702056536 702056544 702056545 702056535 702056539 702056523 702056543 702056552 702056539 702056531 702056518 702056563 702056563 702056553 702056520 702056518 702056512 702056515 702056536 702056550 702056542 702056512 702056558 702056530 702056527 702056553 702056509 702056505 702056555 702056509 702056512 702056508 702056525 702056546 702056513 702056521 702056520 702056505 702056509 702056547 702056543 702056562 702056562 702056547 702056506 702056506 702056547 702056557 702056543 702056524 702056528 702056560 702056550 702056541 702056516 702056522 702056548 702056551 702056521 702056506 702056548 702056526 702056547 702056540 702056549 702056506 702056509 702056561 702056518 702056518 702056539 702056524 702056555 702056548 702056550 702056510 702056513 702056542 702056527 702056514 702056545 702056527 702056513 702056562 702056506 702056516 702056554 702056516 702056562 702056552 702056558 702056538 702056513 702056553 702056511 702056559 702056551 702056552 702056530 702056515 702056508 702056560 702056541 702056523 702056563 702056556 702056547 702056534 702056532 702056516 702056551 702056538 702056521 702056504 702056545 702056529 702056510 702056534 702056524 702056552 702056557 702056547 702056562 702056524 702056554 702056514 702056535 702056515 702056544 702056525 702056543 702056540 702056511 702056549 702056563 702056520 702056519 702056550 702056520 702056538 702056508 702056529 702056508 702056536 702056560 702056516 702056562 702056531 702056534 702056562 702056522 702056527 702056531 702056536 702056563 702056512 702056528 702056537 702056524 702056538 702056542 702056563 702056504 702056546 702056545 702056512 702056558 702056532 702056560 702056558 702056537 702056543 702056539 702056511 702056536 702056560 702056556 702056534 702056519 702056535 702056507 702056504 702056557 702056539 702056506 702056508 702056548 702056534 702056514 702056515 702056549 702056536 702056531 702056548 702056517 702056559 702056524 702056505 702056552 702056510 702056513 702056545 702056510 702056542 702056523 702056560 702056525 702056510 702056504 702056538 702056517 702056557 702056540 702056528 702056536 702056526 702056557 702056509 702056526 702056559 702056528 702056515 702056526 702056547 702056525 702056556 702056522 702056551 702056535 702056549 702056547 702056546 702056530 702056530 702056536 702056508 702056511 702056535 702056542 702056539 702056516 702056557 702056514 702056529 702056525 702056559 702056555 702056528 702056544 702056541 702056523 702056554 702056530 702056505 702056563 702056505 702056528 702056529 702056548 702056556 702056523 702056527 702056531 702056552 702056512 702056553 702056521 702056508 702056528 702056549 702056511 702056526 702056529 702056553 702056532 702056508 702056535 702056560 702056518 702056543 702056544 702056536 702056537 702056535 702056509 702056526 702056552 702056549 702056546 702056517 702056546 702056552 702056534 702056527 702056550 702056525 702056561 702056554 702056563 702056507 702056517 702056556 702056533 702056527 702056537 702056536 702056538 702056529 702056533 702056511 702056546 702056553 702056552 702056552 702056552 702056515 702056516 702056557 702056522 702056507 702056553 702056531 702056544 702056530 702056542 702056541 702056546 702056563 702056511 702056546 702056550 702056519 702056510 702056514 702056563 702056546 702056514 702056561 702056545 702056536 702056543 702056545 702056530 702056505 702056552 702056507 702056506 702056524 702056551 702056525 702056548 702056524 702056504 702056563 702056519 702056546 702056538 702056546 702056562 702056516 702056537 702056511 702056540 702056510 702056523 702056554 702056521 702056512 702056516 702056541 702056551 702056549 702056525 702056504 702056542 702056507 702056552 702056548 702056509 702056556 702056510 702056525 702056550 702056550 702056540 702056526 702056510 702056529 702056515 702056521 702056510 702056536 702056552 702056555 702056531 702056515 702056536 702056521 702056555 702056520 702056553 702056550 702056530 702056545 702056563 702056546 702056530 702056535 702056525 702056523 702056556 702056527 702056537 702056506 702056505 702056527 702056507 702056530 702056529 702056562 702056519 702056546 702056531 702056557 702056526 702056526 702056514 702056539 702056562 702056509 702056534 702056550 702056555 702056554 702056517 702056531 702056558 702056538 702056527 702056550 702056541 702056532 702056511 702056535 702056561 702056506 702056547 702056519 702056559 702056509 702056504 702056561 702056552 702056545 702056535 702056505 702056537 702056554 702056533 702056508 702056516 702056504 702056513 702056514 702056505 702056560 702056521 702056547 702056533 702056557 702056536 702056507 702056538 702056524 702056550 702056514 702056521 702056536 702056546 702056560 702056539 702056547 702056511 702056518 702056509 702056562 702056557 702056535 702056556 702056557 702056553 702056512 702056518 702056529 702056532 702056541 702056523 702056545 702056552 702056549 702056524 702056526 702056525 702056526 702056540 702056562 702056534 702056555 702056534 702056540 702056553 702056508 702056516 702056546 702056511 702056505 702056507 702056546 702056518 702056543 702056548 702056562 702056541 702056510 702056504 702056549 702056539 702056554 702056537 702056543 702056508 702056550 702056516 702056532 702056531 702056527 702056537 702056562 702056546 702056554 702056522 702056515 702056505 702056506 702056536 702056560 702056523 702056527 702056548 702056556 702056551 702056538 702056560 702056510 702056505 702056506 702056539 702056510 702056515 702056541 702056520 702056548 702056536 702056505 702056540 702056514 702056512 702056559 702056507 702056553 702056526 702056520 702056551 702056543 702056549 702056542 702056505 702056532 702056539 702056519 702056518 702056537 702056509 702056515 702056539 702056511 702056553 702056553 702056554 702056506 702056563 702056534 702056535 702056563 702056561 702056562 702056552 702056517 702056550 702056513 702056549 702056525 702056530 702056507 702056532 702056538 702056509 702056533 702056562 702056534 702056516 702056522 702056508 702056527 702056507 702056562 702056528 702056539 702056542 702056522 702056553 702056552 702056531 702056522 702056538 702056533 702056553 702056549 702056532 702056507 702056508 702056505 702056515 702056520 702056507 702056529 702056529 702056524 702056557 702056513 702056548 702056551 702056549 702056546 702056515 702056520 702056521 702056547 702056544 702056541 702056507 702056517 702056509 702056545 702056515 702056512 702056542 702056548 702056546 702056555 702056541 702056555 702056531 702056512 702056518 702056546 702056516 702056561 702056555 702056563 702056561 702056504 702056545 702056562 702056542 702056541 702056517 702056523 702056524 702056523 702056549 702056561 702056560 702056550 702056508 702056547 702056548 702056516 702056522 702056510 702056563 702056511 702056533 702056505 702056557 702056508 702056545 702056561 702056553 702056556 702056505 702056513 702056554 702056546 702056547 702056523 702056507 702056562 702056508 702056512 702056539 702056533 702056518 702056548 702056513 702056538 702056516 702056544 702056528 702056510 702056538 702056550 702056516 702056521 702056522 702056517 702056532 702056507 702056556 702056563 702056511 702056549 702056531 702056521 702056511 702056561 702056549 702056546 702056548 702056529 702056523 702056552 702056542 702056505 702056547 702056513 702056506 702056512 702056521 702056535 702056562 702056547 702056562 702056517 702056514 702056550 702056524 702056552 702056523 702056517 702056511 702056543 702056540 702056556 702056561 702056511 702056552 702056531 702056535 702056515 702056558 702056559 702056559 702056522 702056521 702056535 702056540 702056516 702056528 702056552 702056549 702056561 702056551 702056550 702056530 702056525 702056532 702056548 702056513 702056549 702056551 702056504 702056547 702056561 702056506 702056529 702056552 702056524 702056550 702056515 702056534 702056519 702056512 702056554 702056534 702056518 702056517 702056552 702056506 702056537 702056514 702056538 702056526 702056524 702056520 702056531 702056551 702056540 702056550 702056549 702056531 702056556 702056538 702056550 702056562 702056525 702056520 702056536 702056543 702056518 702056519 702056537 702056533 702056541 702056510 702056516 702056550 702056536 702056540 702056542 702056536 702056505 702056525 702056563 702056531 702056510 702056510 702056530 702056516 702056517 702056520 702056548 702056525 702056513 702056554 702056542 702056514 702056540 702056543 702056550 702056534 702056539 702056561 702056514 702056512 702056513 702056557 702056521 702056526 702056532 702056536 702056519 702056510 702056519 702056519 702056514 702056512 702056506 702056560 702056504 702056545 702056541 702056539 702056526 702056555 702056525 702056510 702056512 702056507 702056549 702056546 702056554 702056541 702056546 702056515 702056516 702056559 702056528 702056519 702056563 702056511 702056543 702056533 702056559 702056552 702056527 702056506 702056523 702056513 702056560 702056527 702056560 702056559 702056519 702056554 702056517 702056550 702056527 702056539 702056536 702056519 702056508 702056504 702056560 702056545 702056532 702056562 702056525 702056527 702056549 702056518 702056512 702056559 702056560 702056557 702056540 702056519 702056509 702056505 702056506 702056507 702056529 702056553 702056534 702056528 702056546 702056517 702056543 702056560 702056511 702056523 702056507 702056544 702056526 702056560 702056557 702056560 702056532 702056509 702056509 702056547 702056560 702056538 702056535 702056516 702056504 702056538 702056520 702056562 702056534 702056504 702056560 702056521 702056556 702056544 702056530 702056546 702056549 702056548 702056523 702056555 702056526 702056532 702056540 702056537 702056553 702056563 702056539 702056557 702056510 702056512 702056534 702056523 702056553 702056549 702056552 702056517 702056521 702056511 702056550 702056541 702056560 702056512 702056512 702056563 702056537 702056515 702056509 702056517 702056549 702056536 702056542 702056515 702056538 702056554 702056551 702056522 702056507 702056551 702056504 702056513 702056522 702056555 702056530 702056507 702056520 702056545 702056508 702056543 702056525 702056512 702056542 702056517 702056522 702056552 702056506 702056514 702056556 702056559 702056514 702056523 702056512 702056556 702056519 702056550 702056533 702056551 702056524 702056524 702056527 702056507 702056516 702056537 702056520 702056526 702056552 702056560 702056530 702056525 702056530 702056556 702056555 702056558 702056557 702056516 702056541 702056540 702056534 702056552 702056534 702056526 702056521 702056510 702056516 702056504 702056521 702056558 702056542 702056513 702056552 702056518 702056518 702056519 702056509 702056538 702056537 702056514 702056552 702056505 702056546 702056509 702056562 702056518 702056547 702056535 702056518 702056560 702056542 702056528 702056525 702056551 702056562 702056550 702056538 702056509 702056552 702056524 702056551 702056530 702056510 702056554 702056534 702056536 702056547 702056511 702056525 702056515 702056560 702056554 702056563 702056534 702056537 702056538 702056528 702056504 702056510 702056506 702056529 702056524 702056514 702056557 702056545 702056542 702056516 702056510 702056558 702056516 702056545 702056521 702056558 702056546 702056523 702056541 702056542 702056554 702056522 702056536 702056519 702056525 702056533 702056562 702056543 702056507 702056509 702056550 702056517 702056519 702056539 702056504 702056542 702056561 702056528 702056561 702056557 702056562 702056556 702056546 702056504 702056527 702056505 702056522 702056552 702056511 702056531 702056535 702056517 702056521 702056523 702056533 702056559 702056522 702056557 702056531 702056550 702056529 702056560 702056539 702056555 702056529 702056562 702056534 702056534 702056509 702056541 702056546 702056514 702056506 702056543 702056515 702056504 702056547 702056515 702056559 702056532 702056519 702056518 702056554 702056529 702056523 702056530 702056538 702056509 702056516 702056555 702056527 702056516 702056547 702056513 702056517 702056536 702056552 702056551 702056521 702056512 702056542 702056535 702056544 702056529 702056550 702056508 702056504 702056542 702056531 702056563 702056508 702056534 702056536 702056506 702056521 702056536 702056518 702056512 702056540 702056510 702056538 702056531 702056540 702056523 702056549 702056528 702056550 702056548 702056548 702056547 702056544 702056556 702056559 702056540 702056533 702056551 702056534 702056539 702056549 702056543 702056535 702056509 702056538 702056554 702056514 702056561 702056552 702056562 702056546 702056504 702056553 702056509 702056520 702056557 702056530 702056505 702056547 702056554 702056556 702056509 702056555 702056508 702056543 702056526 702056517 702056531 702056559 702056559 702056530 702056556 702056538 702056558 702056540 702056562 702056512 702056545 702056555 702056522 702056559 702056505 702056533 702056522 702056515 702056550 702056543 702056533 702056543 702056541 702056558 702056529 702056510 702056513 702056555 702056504 702056531 702056551 702056535 702056533 702056561 702056550 702056539 702056544 702056540 702056515 702056537 702056509 702056518 702056526 702056549 702056553 702056531 702056551 702056533 702056523 702056561 702056530 702056518 702056544 702056533 702056523 702056549 702056559 702056512 702056555 702056562 702056547 702056535 702056529 702056504 702056524 702056535 702056510 702056512 702056514 702056554 702056510 702056554 702056506 702056524 702056521 702056543 702056526 702056539 702056535 702056553 702056517 702056552 702056540 702056541 702056537 702056559 702056532 702056548 702056552 702056563 702056555 702056531 702056563 702056543 702056526 702056523 702056550 702056542 702056517 702056553 702056550 702056552 702056532 702056547 702056541 702056511 702056538 702056549 702056514 702056555 702056533 702056541 702056542 702056558 702056531 702056560 702056504 702056541 702056514 702056547 702056534 702056533 702056530 702056531 702056550 702056559 702056514 702056509 702056526 702056557 702056526 702056550 702056524 702056522 702056552 702056508 702056531 702056522 702056554 702056548 702056540 702056515 702056521 702056558 702056525 702056553 702056538 702056524 702056530 702056535 702056531 702056527 702056511 702056536 702056519 702056536 702056551 702056528 702056535 702056528 702056512 702056540 702056510 702056540 702056557 702056557 702056554 702056558 702056547 702056557 702056552 702056534 702056508 702056540 702056516 702056531 702056555 702056545 702056510 702056520 702056533 702056562 702056543 702056506 702056538 702056548 702056554 702056520 702056522 702056528 702056531 702056539 702056537 702056515 702056543 702056510 702056512 702056556 702056530 702056540 702056553 702056552 702056544 702056525 702056558 702056533 702056505 702056544 702056539 702056532 702056509 702056556 702056551 702056529 702056524 702056519 702056555 702056515 702056543 702056558 702056528 702056533 702056521 702056550 702056516 702056523 702056535 702056532 702056529 702056527 702056525 702056562 702056529 702056544 702056514 702056541 702056507 702056546 702056540 702056537 702056529 702056528 702056554 702056512 702056560 702056556 702056516 702056543 702056523 702056547 702056510 702056551 702056516 702056531 702056509 702056557 702056525 702056515 702056533 702056559 702056548 702056514 702056542 702056517 702056524 702056536 702056531 702056528 702056546 702056519 702056513 702056510 702056513 702056508 702056561 702056529 702056562 702056552 702056506 702056544 702056556 702056551 702056560 702056517 702056522 702056516 702056516 702056553 702056528 702056515 702056562 702056513 702056538 702056526 702056509 702056547 702056561 702056540 702056506 702056508 702056531 702056557 702056537 702056508 702056535 702056560 702056559 702056521 702056531 702056551 702056538 702056548 702056537 702056543 702056536 702056506 702056510 702056562 702056517 702056505 702056558 702056507 702056532 702056540 702056518 702056541 702056518 702056514 702056512 702056560 702056555 702056548 702056515 702056535 702056539 702056542 702056552 702056528 702056546 702056510 702056530 702056539 702056553 702056529 702056559 702056540 702056531 702056521 702056545 702056520 702056524 702056557 702056554 702056547 702056533 702056552 702056512 702056525 702056546 702056526 702056525 702056509 702056555 702056544 702056552 702056545 702056511 702056549 702056507 702056521 702056524 702056524 702056543 702056544 702056561 702056555 702056507 702056504 702056515 702056543 702056533 702056522 702056541 702056533 702056516 702056524 702056532 702056515 702056532 702056538 702056552 702056505 702056537 702056530 702056548 702056541 702056560 702056507 702056538 702056511 702056552 702056526 702056560 702056557 702056551 702056532 702056556 702056532 702056550 702056521 702056542 702056506 702056516 702056521 702056525 702056522 702056508 702056557 702056537 702056563 702056531 702056550 702056552 702056553 702056535 702056559 702056552 702056506 702056522 702056510 702056558 702056526 702056551 702056535 702056543 702056535 702056520 702056549 702056514 702056562 702056523 702056559 702056531 702056545 702056558 702056547 702056519 702056563 702056559 702056519 702056561 702056535 702056520 702056555 702056526 702056553 702056555 702056516 702056550 702056507 702056559 702056513 702056529 702056529 702056509 702056560 702056508 702056509 702056536 702056550 702056545 702056532 702056510 702056556 702056550 702056536 702056509 702056551 702056563 702056536 702056511 702056544 702056511 702056535 702056547 702056524 702056535 702056545 702056537 702056562 702056519 702056528 702056557 702056560 702056531 702056508 702056529 702056554 702056515 702056536 702056563 702056507 702056543 702056563 702056512 702056554 702056524 702056551 702056515 702056542 702056537 702056506 702056550 702056562 702056551 702056511 702056556 702056538 702056546 702056558 702056554 702056508 702056537 702056537 702056530 702056548 702056554 702056536 702056539 702056536 702056544 702056530 702056507 702056556 702056511 702056549 702056548 702056560 702056543 702056523 702056531 702056517 702056562 702056559 702056528 702056536 702056509 702056508 702056508 702056551 702056515 702056538 702056517 702056550 702056526 702056511 702056562 702056531 702056540 702056520 702056560 702056546 702056507 702056529 702056538 702056522 702056513 702056520 702056538 702056546 702056538 702056507 702056549 702056517 702056528 702056533 702056563 702056538 702056506 702056513 702056542 702056509 702056530 702056563 702056530 702056552 702056521 702056517 702056551 702056523 702056540 702056532 702056559 702056529 702056513 702056552 702056519 702056560 702056562 702056531 702056518 702056521 702056522 702056523 702056546 702056517 702056553 702056539 702056537 702056557 702056537 702056558 702056538 702056539 702056536 702056508 702056513 702056563 702056551 702056519 702056563 702056543 702056542 702056556 702056555 702056519 702056537 702056539 702056510 702056550 702056536 702056551 702056520 702056535 702056528 702056539 702056525 702056561 702056509 702056538 702056541 702056552 702056546 702056520 702056560 702056533 702056548 702056510 702056527 702056530 702056526 702056554 702056513 702056524 702056542 702056548 702056555 702056506 702056519 702056535 702056520 702056505 702056517 702056558 702056513 702056542 702056517 702056544 702056530 702056562 702056526 702056540 702056552 702056531 702056533 702056557 702056509 702056536 702056518 702056540 702056547 702056561 702056524 702056533 702056561 702056552 702056521 702056549 702056512 702056561 702056552 702056507 702056507 702056559 702056541 702056514 702056524 702056545 702056560 702056557 702056537 702056531 702056534 702056539 702056556 702056534 702056515 702056543 702056547 702056555 702056562 702056546 702056517 702056512 702056505 702056560 702056531 702056521 702056546 702056506 702056524 702056517 702056514 702056523 702056525 702056530 702056506 702056510 702056561 702056545 702056529 702056514 702056523 702056544 702056532 702056554 702056551 702056522 702056531 702056505 702056529 702056522 702056513 702056508 702056545 702056548 702056547 702056507 702056512 702056514 702056557 702056560 702056514 702056561 702056539 702056547 702056553 702056522 702056554 702056539 702056553 702056541 702056529 702056535 702056507 702056561 702056504 702056546 702056548 702056525 702056517 702056520 702056504 702056541 702056514 702056522 702056504 702056504 702056556 702056558 702056515 702056560 702056539 702056517 702056518 702056548 702056531 702056508 702056556 702056513 702056540 702056507 702056507 702056509 702056547 702056513 702056545 702056550 702056535 702056521 702056507 702056506 702056549 702056511 702056554 702056509 702056553 702056533 702056549 702056520 702056506
1 1
1 1
3 1
2999 1
3000 1
3001 1
2302 1
1855 1
2012 1
1291 1
966 1
156 1
2370 1
854 1
2802 1
2613 1
173 1
2241 1
1664 1
1 1
1 1
1 1
3000 1
3000 1
3001 1
1785 1
595 1
748 1
722 1
1278 1
2912 1
794 1
1508 1
2315 1
210 1
1926 1
555 1
388 1
1 1
1 1
2 1
2998 1
3001 1
3001 1
2526 1
1199 1
392 1
159 1
1109 1
56 1
831 1
400 1
2134 1
812 1
1759 1
1799 1
2366 1
1 1
1 1
2 1
2999 1
2999 1
3002 1
1726 1
422 1
1804 1
2275 1
2760 1
683 1
1923 1
2402 1
1628 1
765 1
571 1
719 1
1691 1
1 1
2 1
2 1
2999 1
3000 1
3000 1
1186 1
2433 1
1286 1
1233 1
766 1
1127 1
1336 1
1810 1
2529 1
2904 1
2809 1
2573 1
1285 1
1 1
1 1
3 1
2999 1
3000 1
3 1
1 1
3000 1
2248 1
1123 1
274 1
2999 1
2955 1
1176 1
2 1
3000 1
1380 1
488 1
1677 1
1 1
1544 1
1225 1
3002 1
1633 1
1866 1
604 1
579 1
134 1
1334 1
2515 1
3 1
998 1
2 1
3002 1
2 1
2647 1
1352 1
3001 1
1 1
2992 1
2 1
422 1
1634 1
2551 1
1072 1
3000 1
2238 1
1725 1
3001 1
772 1
1 1
276 1
1171 1
3 1
2559 1
3001 1
1240 1
97 1
302 1
2830 1
2347 1
224 1
2333 1
433 1
203 1
2293 1
277 1
825 1
1681 1
3000 1
421 1
674 1
2533 1
3001 1
1187 1
1 1
1059 1
2 1
2028 1
51 1
2065 1
2499 1
2 1
2130 1
2639 1
1 1
1643 1
752 1
1 1
125 1
2405 1
1 1
540 1
1 1
2835 1
290 1
1563 1
636 1
3002 1
2999 1
2 1
2093 1
2267 1
1813 1
2723 1
3002 1
365 1
2799 1
2 1
2302 1
1485 1
2900 1
1 1
1 1
1 1
3001 1
2998 1
62 1
1781 1
1707 1
3001 1
616 1
1257 1
3000 1
2887 1
3001 1
1 1
340 1
965 1
314 1
3000 1
2659 1
2831 1
1507 1
666 1
2500 1
2090 1
2406 1
2198 1
2222 1
1 1
2 1
198 1
2002 1
3002 1
2160 1
3000 1
1 1
1359 1
1 1
1045 1
574 1
1500 1
2928 1
3000 1
551 1
662 1
2891 1
1376 1
3001 1
1583 1
60 1
3000 1
2312 1
1150 1
805 1
2184 1
3000 1
1 1
913 1
3000 1
1803 1
3001 1
640 1
1677 1
3000 1
1 1
1217 1
2908 1
1 1
1 1
3002 1
1672 1
2889 1
3001 1
1793 1
902 1
1435 1
3001 1
3 1
2474 1
1131 1
1 1
1904 1
1967 1
1838 1
186 1
2998 1
3000 1
1939 1
2463 1
1 1
242 1
2845 1
3000 1
738 1
2998 1
1542 1
311 1
147 1
3 1
2497 1
1806 1
3002 1
1455 1
3000 1
1 1
1322 1
319 1
33 1
2336 1
3002 1
1746 1
2999 1
1628 1
2942 1
2093 1
1 1
2956 1
1926 1
2703 1
3000 1
3000 1
2999 1
3001 1
1 1
2999 1
2026 1
1 1
1864 1
2260 1
620 1
1816 1
1 1
3000 1
2999 1
3002 1
2641 1
2389 1
2472 1
3 1
1 1
1914 1
22 1
3001 1
2998 1
524 1
2224 1
1 1
994 1
1900 1
2999 1
2727 1
3000 1
1562 1
2999 1
400 1
367 1
212 1
1279 1
1836 1
2888 1
3000 1
2951 1
2217 1
1 1
365 1
3 1
1 1
1504 1
2613 1
2999 1
1208 1
3000 1
1576 1
1991 1
1994 1
2 1
2194 1
391 1
1670 1
408 1
91 1
1 1
1656 1
2998 1
3 1
3000 1
2 1
1 1
3000 1
3000 1
794 1
1680 1
1 1
2776 1
2999 1
572 1
253 1
2349 1
2896 1
2999 1
1543 1
2362 1
2697 1
2396 1
3001 1
3001 1
2758 1
619 1
2266 1
2999 1
401 1
1803 1
1897 1
1 1
2736 1
2064 1
1 1
327 1
1599 1
1 1
1680 1
2998 1
1447 1
1695 1
3000 1
423 1
3000 1
3000 1
2806 1
2999 1
2545 1
3000 1
2441 1
627 1
115 1
2275 1
1175 1
3001 1
608 1
96 1
2729 1
506 1
2917 1
2180 1
184 1
2694 1
2642 1
2810 1
1 1
1954 1
1857 1
2343 1
538 1
2999 1
1 1
1 1
444 1
2577 1
1746 1
2999 1
3 1
2912 1
916 1
2999 1
3002 1
2070 1
1530 1
774 1
1 1
1322 1
1982 1
346 1
2 1
2014 1
808 1
742 1
2961 1
2618 1
1607 1
2712 1
3000 1
2441 1
2949 1
1 1
2352 1
1077 1
2642 1
3002 1
2998 1
2440 1
2756 1
1149 1
3000 1
1423 1
2439 1
1 1
1375 1
2318 1
1082 1
1752 1
2622 1
2490 1
285 1
1824 1
538 1
2 1
378 1
1557 1
2 1
1646 1
3 1
3 1
3000 1
1234 1
632 1
2534 1
2998 1
2527 1
3 1
2058 1
1242 1
1049 1
971 1
3000 1
1 1
1 1
499 1
2409 1
2999 1
755 1
1 1
907 1
3000 1
1384 1
2115 1
2 1
1 1
676 1
3000 1
1530 1
882 1
3000 1
2999 1
221 1
619 1
2828 1
1824 1
3000 1
248 1
1963 1
1510 1
2 1
1875 1
1 1
1944 1
2 1
526 1
350 1
1057 1
2999 1
3001 1
3002 1
442 1
1754 1
1650 1
1719 1
1 1
2668 1
2187 1
601 1
1381 1
1754 1
1 1
1396 1
2621 1
2750 1
473 1
1 1
377 1
868 1
2755 1
3002 1
1940 1
1637 1
2999 1
2858 1
3001 1
94 1
759 1
1493 1
2266 1
2453 1
1 1
1 1
2 1
2785 1
507 1
2971 1
1 1
3 1
2151 1
2999 1
3001 1
1961 1
2346 1
1219 1
1720 1
1 1
608 1
1 1
592 1
1822 1
3000 1
1 1
1 1
107 1
867 1
1154 1
2 1
166 1
2561 1
277 1
1 1
637 1
1 1
1597 1
2089 1
1816 1
343 1
3001 1
2999 1
1962 1
180 1
2737 1
26 1
498 1
986 1
1452 1
1769 1
2006 1
2098 1
1402 1
3000 1
1347 1
3000 1
1317 1
1 1
180 1
2128 1
2381 1
3000 1
90 1
647 1
3001 1
1359 1
1 1
800 1
86 1
2003 1
2458 1
2713 1
2999 1
1 1
2718 1
2357 1
2919 1
81 1
3001 1
3001 1
878 1
2979 1
2999 1
1130 1
766 1
1383 1
3 1
1 1
1 1
2562 1
1 1
3001 1
2027 1
1199 1
1463 1
3001 1
2858 1
1 1
1 1
2592 1
1711 1
2326 1
599 1
1163 1
424 1
2860 1
3001 1
1895 1
3000 1
2999 1
1566 1
654 1
686 1
2 1
126 1
137 1
3000 1
2 1
339 1
2999 1
2656 1
293 1
2011 1
2162 1
1529 1
1 1
1038 1
1960 1
1 1
139 1
3000 1
219 1
2998 1
1 1
2 1
1426 1
2999 1
2402 1
2367 1
2999 1
1 1
1 1
373 1
3000 1
2504 1
1339 1
1826 1
121 1
319 1
1 1
1265 1
133 1
846 1
1970 1
1472 1
2817 1
1 1
1925 1
554 1
1 1
2 1
1766 1
711 1
2999 1
1 1
1602 1
1 1
3000 1
3000 1
2998 1
3000 1
2550 1
2480 1
2195 1
1590 1
522 1
59 1
2 1
2999 1
129 1
2 1
1 1
1083 1
1123 1
1437 1
1249 1
680 1
1 1
229 1
883 1
1 1
2829 1
2999 1
2892 1
2761 1
1091 1
826 1
1356 1
1143 1
2 1
2965 1
2998 1
3 1
1 1
180 1
2762 1
2015 1
1198 1
120 1
58 1
2977 1
2362 1
3001 1
2627 1
3001 1
73 1
2258 1
822 1
1 1
1 1
389 1
2999 1
558 1
204 1
885 1
3001 1
3001 1
1 1
3001 1
830 1
2 1
1203 1
2494 1
348 1
2172 1
95 1
217 1
2999 1
1759 1
260 1
1 1
253 1
3001 1
2305 1
746 1
644 1
2999 1
1 1
3000 1
85 1
2999 1
1 1
30 1
1474 1
1 1
418 1
228 1
2887 1
2 1
1572 1
720 1
651 1
1 1
1909 1
2846 1
3001 1
1165 1
3001 1
1826 1
1907 1
1469 1
1 1
633 1
765 1
655 1
738 1
3000 1
2485 1
1 1
1 1
2239 1
1856 1
672 1
1522 1
757 1
2559 1
180 1
1 1
343 1
1 1
1514 1
76 1
1549 1
680 1
2849 1
1310 1
382 1
113 1
1 1
318 1
183 1
1 1
43 1
1068 1
3001 1
2238 1
2498 1
2998 1
2999 1
2773 1
892 1
2999 1
2630 1
370 1
2802 1
2782 1
132 1
1 1
12 1
3001 1
1935 1
1 1
1 1
2958 1
224 1
1 1
2791 1
2589 1
3001 1
1879 1
1334 1
2999 1
1990 1
2976 1
930 1
9 1
51 1
1074 1
3001 1
3000 1
1896 1
2985 1
785 1
2 1
2749 1
602 1
2746 1
2755 1
598 1
1026 1
1027 1
2287 1
2 1
1238 1
2604 1
2599 1
3001 1
2 1
2999 1
1 1
1305 1
1582 1
1334 1
1047 1
427 1
1 1
734 1
1 1
2194 1
1962 1
3000 1
2999 1
1 1
1206 1
1 1
1374 1
2123 1
1195 1
1613 1
295 1
1 1
2999 1
3000 1
1164 1
3002 1
1663 1
2439 1
1 1
1012 1
465 1
2999 1
1457 1
1207 1
2999 1
583 1
279 1
2434 1
292 1
3001 1
2998 1
2386 1
2326 1
1318 1
2337 1
1630 1
1047 1
879 1
1377 1
1 1
2999 1
1545 1
3000 1
3 1
2094 1
2795 1
1085 1
1523 1
1492 1
2 1
346 1
379 1
2999 1
1720 1
1141 1
2999 1
1297 1
2134 1
1131 1
2999 1
1 1
1219 1
92 1
1355 1
153 1
2 1
1 1
653 1
640 1
1889 1
1827 1
1367 1
184 1
2277 1
2976 1
757 1
3001 1
2498 1
3001 1
2103 1
810 1
841 1
3000 1
2 1
248 1
300 1
3002 1
390 1
2523 1
333 1
2999 1
1929 1
1485 1
2998 1
296 1
2864 1
2999 1
981 1
871 1
1703 1
403 1
2999 1
1628 1
1 1
1208 1
3001 1
2011 1
1 1
785 1
1 1
3000 1
2515 1
2191 1
2 1
1442 1
2313 1
2 1
1964 1
1152 1
1016 1
21 1
3001 1
2999 1
3000 1
303 1
2011 1
774 1
3 1
1401 1
383 1
1 1
1 1
2743 1
625 1
2998 1
1478 1
101 1
1998 1
3000 1
3000 1
1 1
2065 1
3000 1
1031 1
1847 1
2155 1
2827 1
379 1
2982 1
1 1
1966 1
2 1
1 1
1251 1
1315 1
3000 1
1032 1
2852 1
2999 1
297 1
372 1
1517 1
749 1
2 1
2938 1
3 1
1741 1
267 1
3000 1
2999 1
2722 1
689 1
1 1
1036 1
890 1
974 1
3001 1
155 1
1294 1
1 1
1554 1
2244 1
2999 1
1048 1
417 1
3000 1
2460 1
95 1
3000 1
1674 1
2 1
536 1
1 1
3002 1
2999 1
2299 1
1745 1
2418 1
1 1
1349 1
3000 1
2381 1
2553 1
1 1
1 1
1998 1
3 1
1459 1
1282 1
1322 1
2214 1
1340 1
1 1
1768 1
2 1
773 1
1366 1
1490 1
1753 1
1844 1
3000 1
336 1
3000 1
1 1
2 1
2237 1
2522 1
1594 1
1 1
1 1
2984 1
1628 1
2999 1
1 1
1161 1
206 1
404 1
1 1
3000 1
1 1
2105 1
1 1
1563 1
2513 1
1 1
3000 1
2157 1
1 1
2075 1
1026 1
1 1
1481 1
1 1
396 1
2 1
2 1
3002 1
1314 1
2368 1
1091 1
933 1
2818 1
1736 1
1428 1
1 1
1 1
2 1
110 1
1279 1
2595 1
1378 1
758 1
1246 1
2924 1
158 1
507 1
699 1
3000 1
651 1
2019 1
1065 1
117 1
492 1
331 1
2854 1
1647 1
2929 1
3001 1
3001 1
682 1
560 1
2508 1
2737 1
291 1
1126 1
2998 1
554 1
2558 1
465 1
3000 1
2888 1
2394 1
2999 1
2081 1
1580 1
2105 1
3001 1
961 1
2999 1
2999 1
1 1
1559 1
1 1
2481 1
809 1
938 1
2177 1
3000 1
602 1
1606 1
1847 1
1 1
2999 1
1 1
2207 1
2505 1
180 1
2519 1
2 1
2999 1
2014 1
2061 1
2067 1
257 1
1 1
2237 1
1989 1
494 1
1895 1
2578 1
1 1
2999 1
2047 1
1037 1
1635 1
116 1
1 1
1481 1
1342 1
404 1
155 1
1305 1
1069 1
1 1
243 1
447 1
2304 1
3002 1
1226 1
1952 1
1 1
943 1
2 1
3 1
17 1
2 1
1162 1
2480 1
1374 1
2795 1
3000 1
1342 1
2461 1
1 1
3000 1
2 1
2765 1
2999 1
344 1
1999 1
1126 1
1 1
1852 1
621 1
3000 1
1257 1
1843 1
1924 1
3000 1
2170 1
2623 1
1 1
2087 1
655 1
1 1
2999 1
2 1
1368 1
103 1
1834 1
3000 1
655 1
915 1
565 1
1388 1
1697 1
1901 1
3002 1
247 1
1893 1
3001 1
148 1
2 1
1 1
1334 1
1773 1
3001 1
2177 1
2999 1
1599 1
1173 1
1 1
789 1
3 1
219 1
984 1
2998 1
1745 1
2186 1
716 1
921 1
444 1
390 1
2 1
1148 1
3000 1
2996 1
2 1
1246 1
1 1
1 1
2 1
3 1
843 1
2800 1
393 1
3000 1
3000 1
2 1
263 1
832 1
3000 1
2256 1
1 1
1 1
2793 1
2998 1
866 1
1628 1
1 1
1699 1
1876 1
1447 1
341 1
2857 1
361 1
2998 1
2949 1
2080 1
398 1
614 1
3001 1
1826 1
1255 1
1150 1
2509 1
3000 1
897 1
2957 1
1 1
1 1
2998 1
1889 1
2615 1
2687 1
657 1
3000 1
1981 1
3000 1
3001 1
2999 1
1 1
555 1
2033 1
1342 1
2286 1
2765 1
1 1
120 1
1 1
317 1
1 1
2245 1
1 1
1666 1
2734 1
3001 1
3000 1
6 1
1 1
428 1
3002 1
3001 1
10 1
1415 1
3002 1
571 1
1904 1
2044 1
2314 1
429 1
3000 1
1 1
1539 1
3001 1
2 1
379 1
1 1
2999 1
2508 1
3 1
1227 1
278 1
3000 1
1 1
889 1
1782 1
1 1
2988 1
2064 1
3000 1
2 1
1 1
2815 1
925 1
1847 1
1891 1
1 1
2 1
535 1
2 1
1 1
1295 1
579 1
2715 1
3000 1
1135 1
1486 1
3001 1
658 1
3002 1
2728 1
2910 1
1762 1
3002 1
3000 1
2696 1
2644 1
716 1
2021 1
552 1
1 1
3000 1
3000 1
1764 1
2753 1
1 1
1907 1
1932 1
3002 1
2351 1
1127 1
3 1
1 1
3001 1
1740 1
3001 1
2770 1
3001 1
405 1
2441 1
2793 1
2933 1
1914 1
840 1
2 1
238 1
1 1
1 1
2999 1
501 1
2895 1
2163 1
3 1
404 1
499 1
3001 1
3001 1
1248 1
2 1
1981 1
1170 1
1054 1
1466 1
2999 1
1 1
2999 1
2793 1
467 1
1675 1
2567 1
2173 1
2117 1
604 1
2353 1
1 1
1 1
311 1
2015 1
389 1
1 1
3 1
1383 1
167 1
938 1
2998 1
719 1
892 1
405 1
2418 1
1950 1
3000 1
3000 1
1468 1
1901 1
1 1
793 1
773 1
2008 1
2768 1
2276 1
2342 1
2 1
552 1
2987 1
2999 1
1749 1
606 1
3001 1
1 1
473 1
2289 1
2999 1
1194 1
2998 1
1 1
1677 1
2550 1
1463 1
837 1
1953 1
2862 1
3000 1
1 1
351 1
2800 1
2738 1
476 1
594 1
3 1
1 1
1 1
2741 1
2812 1
2999 1
1 1
2147 1
497 1
2172 1
2 1
1 1
2861 1
820 1
3001 1
2128 1
2784 1
1 1
2440 1
1215 1
1641 1
1367 1
2999 1
2999 1
123 1
1 1
2740 1
2999 1
3 1
908 1
441 1
441 1
335 1
1777 1
1552 1
3001 1
981 1
600 1
71 1
1 1
2 1
1990 1
2 1
544 1
2118 1
896 1
599 1
512 1
1 1
2562 1
3000 1
937 1
284 1
243 1
2540 1
3001 1
381 1
2635 1
3001 1
2088 1
2826 1
2605 1
117 1
1051 1
2954 1
2979 1
1 1
1898 1
3000 1
908 1
750 1
443 1
1 1
969 1
2999 1
2 1
2443 1
1923 1
1314 1
3000 1
3001 1
1389 1
2328 1
1 1
461 1
244 1
883 1
1364 1
2999 1
3002 1
3000 1
1400 1
3000 1
1823 1
2265 1
3001 1
512 1
813 1
1902 1
1303 1
1 1
1490 1
1267 1
173 1
1045 1
2999 1
1107 1
1759 1
2787 1
213 1
1598 1
1230 1
2560 1
3000 1
1264 1
3 1
886 1
885 1
774 1
3001 1
88 1
1 1
485 1
3001 1
1311 1
1066 1
2892 1
2038 1
3000 1
1683 1
2998 1
2 1
1053 1
1311 1
1 1
610 1
2590 1
658 1
486 1
1167 1
2343 1
1218 1
1454 1
2439 1
2554 1
1887 1
399 1
1285 1
1765 1
1 1
348 1
3000 1
1366 1
2801 1
2652 1
1 1
2671 1
1398 1
2551 1
1937 1
890 1
2393 1
2300 1
2999 1
1 1
732 1
2300 1
1 1
3001 1
176 1
677 1
1358 1
643 1
1433 1
1400 1
2833 1
1334 1
1237 1
1473 1
1174 1
2932 1
1163 1
3 1
3000 1
3000 1
2093 1
2 1
662 1
2649 1
3001 1
3000 1
1824 1
1321 1
2 1
2281 1
3000 1
2 1
3000 1
643 1
1183 1
284 1
811 1
2587 1
1886 1
1504 1
1128 1
2166 1
3000 1
1 1
3002 1
2998 1
2 1
2998 1
974 1
3 1
1 1
2060 1
555 1
1238 1
3 1
3000 1
2236 1
1163 1
1 1
3 1
1 1
3002 1
2793 1
3001 1
2571 1
3000 1
1837 1
387 1
2160 1
1 1
812 1
1224 1
1339 1
2999 1
2999 1
2999 1
2193 1
2099 1
3002 1
2 1
1016 1
3001 1
2 1
3 1
2999 1
169 1
2625 1
709 1
1064 1
2772 1
1 1
2852 1
1 1
2031 1
1559 1
2891 1
2312 1
1 1
1322 1
1999 1
2 1
991 1
76 1
1 1
1977 1
1150 1
511 1
1 1
1099 1
2460 1
88 1
2998 1
216 1
1 1
2856 1
747 1
2999 1
1 1
1 1
1220 1
2862 1
2999 1
635 1
3000 1
599 1
139 1
1 1
1982 1
2999 1
624 1
1 1
1784 1
788 1
2 1
2042 1
2 1
1368 1
3000 1
30 1
1 1
2998 1
1 1
3000 1
3001 1
2685 1
168 1
2998 1
1629 1
2527 1
1391 1
1238 1
2 1
1 1
487 1
2928 1
520 1
482 1
2843 1
607 1
2112 1
948 1
3000 1
3000 1
438 1
1736 1
169 1
1042 1
1766 1
1015 1
3000 1
1340 1
1617 1
2118 1
11 1
1027 1
1695 1
2202 1
2999 1
1 1
3000 1
1 1
260 1
2831 1
3000 1
2766 1
3002 1
1163 1
199 1
1006 1
2999 1
674 1
2965 1
2578 1
2240 1
2772 1
1 1
1 1
2999 1
1 1
1 1
749 1
3 1
2793 1
2416 1
174 1
1394 1
1986 1
3 1
1349 1
1049 1
710 1
1674 1
1956 1
2868 1
3000 1
2 1
2150 1
2765 1
1985 1
2754 1
3000 1
379 1
84 1
2629 1
2664 1
1 1
1 1
2999 1
1778 1
1789 1
2 1
1188 1
2581 1
3001 1
1 1
2 1
2155 1
857 1
2999 1
1285 1
2998 1
1 1
2631 1
3000 1
1 1
1 1
1065 1
623 1
2587 1
1585 1
1382 1
1 1
288 1
1417 1
971 1
2663 1
2999 1
3000 1
1 1
167 1
2009 1
2 1
1798 1
654 1
2673 1
3002 1
1704 1
3000 1
583 1
2692 1
2998 1
2999 1
248 1
1 1
3000 1
1320 1
3001 1
1830 1
2338 1
1 1
1002 1
521 1
2998 1
5 1
693 1
2252 1
1 1
300 1
2792 1
170 1
1015 1
3001 1
758 1
3001 1
2 1
2321 1
2610 1
144 1
222 1
2657 1
2204 1
1 1
3000 1
1997 1
884 1
2886 1
554 1
930 1
2722 1
1 1
1104 1
1 1
2342 1
1376 1
1071 1
1 1
1317 1
669 1
2999 1
75 1
1673 1
2866 1
2650 1
2999 1
2 1
1 1
1 1
2242 1
3000 1
1873 1
1597 1
2018 1
1911 1
2060 1
822 1
2851 1
1 1
2743 1
2919 1
3000 1
2999 1
2186 1
2288 1
673 1
1 1
3000 1
960 1
1575 1
1794 1
2106 1
3001 1
2864 1
1 1
1631 1
3000 1
575 1
2999 1
2 1
2035 1
1419 1
1 1
403 1
1722 1
1418 1
196 1
1160 1
1 1
987 1
557 1
1908 1
1832 1
936 1
140 1
2228 1
203 1
2298 1
1 1
786 1
1 1
96 1
3001 1
1947 1
1791 1
3000 1
2999 1
2141 1
3002 1
2224 1
1 1
2050 1
3 1
2897 1
1327 1
1864 1
1572 1
2177 1
698 1
1 1
2570 1
2762 1
1106 1
3000 1
3000 1
2298 1
165 1
2775 1
1593 1
1200 1
1 1
1594 1
2731 1
3001 1
134 1
781 1
3000 1
2566 1
2202 1
305 1
3001 1
3 1
1 1
2138 1
1608 1
1 1
2780 1
1328 1
2999 1
3001 1
2615 1
592 1
338 1
2999 1
2297 1
635 1
582 1
1 1
1414 1
3001 1
2305 1
468 1
2999 1
820 1
2164 1
900 1
1435 1
564 1
1085 1
2645 1
1 1
1 1
1955 1
3001 1
1674 1
3001 1
204 1
2 1
1988 1
1560 1
3000 1
1 1
216 1
1086 1
3000 1
2125 1
1851 1
2709 1
2616 1
2625 1
1732 1
1 1
1478 1
582 1
2999 1
2998 1
1053 1
359 1
2031 1
2744 1
2008 1
2849 1
690 1
2999 1
2009 1
2766 1
1 1
3001 1
1329 1
954 1
3000 1
265 1
1 1
2366 1
707 1
2438 1
1915 1
65 1
975 1
1455 1
1 1
3000 1
668 1
2 1
2463 1
2559 1
1 1
1 1
658 1
433 1
1895 1
813 1
533 1
2271 1
2450 1
3001 1
3000 1
1908 1
2339 1
2911 1
2432 1
140 1
1664 1
2 1
2267 1
3001 1
2999 1
498 1
3002 1
672 1
1335 1
721 1
2155 1
2721 1
1 1
1 1
434 1
2998 1
1204 1
2189 1
3000 1
3000 1
3001 1
576 1
1699 1
3000 1
3 1
1 1
2041 1
2 1
1 1
685 1
2617 1
2 1
1654 1
673 1
2190 1
118 1
1262 1
262 1
286 1
1625 1
1325 1
1086 1
2999 1
649 1
791 1
13 1
2999 1
1764 1
1045 1
378 1
1 1
982 1
1688 1
1 1
214 1
2438 1
1 1
2 1
3000 1
1 1
246 1
1630 1
3 1
2875 1
1 1
903 1
2665 1
2301 1
1 1
2948 1
3 1
319 1
2896 1
2 1
2 1
651 1
182 1
2670 1
1664 1
22 1
2999 1
3000 1
3000 1
1 1
801 1
2310 1
61 1
1 1
3000 1
2462 1
2165 1
2749 1
336 1
3001 1
646 1
1153 1
1286 1
2945 1
2148 1
1925 1
3000 1
1 1
2947 1
1004 1
2558 1
1210 1
1 1
2351 1
223 1
950 1
2689 1
152 1
3002 1
1 1
2295 1
229 1
3 1
889 1
2970 1
2885 1
1 1
122 1
1 1
826 1
1 1
1887 1
1096 1
2 1
2329 1
2998 1
147 1
1434 1
2 1
1829 1
1 1
557 1
3001 1
929 1
3000 1
1472 1
1999 1
1044 1
1141 1
1720 1
1470 1
1912 1
774 1
1888 1
2332 1
1 1
1306 1
3000 1
803 1
1 1
2016 1
1559 1
2221 1
2626 1
1569 1
3 1
1524 1
1 1
510 1
1239 1
2563 1
1089 1
3000 1
1805 1
1 1
1285 1
999 1
1693 1
791 1
493 1
1565 1
1 1
3000 1
345 1
2999 1
2222 1
1533 1
508 1
634 1
563 1
500 1
2807 1
2376 1
1218 1
362 1
2 1
1274 1
1 1
1 1
1 1
1725 1
1888 1
1 1
2196 1
72 1
842 1
2283 1
1874 1
2884 1
1 1
15 1
2 1
2999 1
2299 1
2271 1
2663 1
3000 1
2 1
817 1
1 1
1537 1
1 1
1812 1
2 1
1 1
3000 1
1058 1
1743 1
1568 1
2967 1
2439 1
3002 1
3000 1
1075 1
565 1
156 1
807 1
1 1
2236 1
1632 1
1811 1
1114 1
2370 1
2847 1
1 1
2978 1
1368 1
2979 1
848 1
588 1
934 1
1024 1
1 1
724 1
720 1
2206 1
3001 1
2693 1
1 1
2999 1
894 1
1639 1
1461 1
2 1
1944 1
2082 1
186 1
1235 1
1671 1
689 1
2 1
2772 1
2999 1
3 1
3 1
2201 1
1 1
2864 1
2999 1
1171 1
2834 1
2363 1
1398 1
2489 1
1158 1
1 1
1356 1
1749 1
1150 1
1638 1
1 1
1510 1
2 1
968 1
3000 1
3001 1
2826 1
2885 1
2 1
1 1
2 1
2999 1
1125 1
1 1
1296 1
1171 1
471 1
597 1
118 1
1458 1
1938 1
1407 1
2677 1
1 1
1807 1
1154 1
38 1
3000 1
2179 1
3000 1
1018 1
2844 1
338 1
1966 1
2272 1
1 1
745 1
1857 1
2999 1
2455 1
2768 1
3002 1
1 1
2701 1
3000 1
2790 1
747 1
2824 1
276 1
2999 1
665 1
2 1
589 1
3001 1
66 1
2762 1
3000 1
2856 1
2732 1
3002 1
2179 1
3 1
2346 1
234 1
2839 1
1950 1
270 1
3000 1
1373 1
525 1
454 1
1 1
1 1
2775 1
2408 1
2261 1
1744 1
2999 1
2 1
652 1
2747 1
3001 1
1214 1
409 1
2635 1
1 1
3000 1
2929 1
429 1
3001 1
2536 1
1 1
2999 1
1581 1
3 1
2999 1
2200 1
2000 1
3000 1
2125 1
1 1
845 1
1816 1
1 1
2084 1
3001 1
3000 1
2998 1
186 1
170 1
1244 1
1 1
1597 1
3001 1
1336 1
3000 1
1308 1
2905 1
3001 1
366 1
1 1
2203 1
343 1
518 1
3000 1
3001 1
1 1
1 1
1714 1
551 1
120 1
3000 1
2565 1
954 1
1937 1
1 1
1 1
2 1
2345 1
1 1
1532 1
113 1
3000 1
861 1
2398 1
602 1
1051 1
1301 1
2254 1
2986 1
1314 1
1377 1
3000 1
2999 1
3 1
2396 1
404 1
2660 1
3002 1
3000 1
3001 1
2439 1
1312 1
375 1
554 1
2999 1
159 1
2273 1
2486 1
3000 1
1048 1
2999 1
1113 1
2556 1
2363 1
1862 1
1293 1
2860 1
1433 1
2423 1
2491 1
1798 1
2102 1
2707 1
2 1
909 1
2 1
3 1
872 1
1 1
1387 1
1016 1
2241 1
2999 1
2720 1
2556 1
2379 1
2015 1
2080 1
779 1
2296 1
1547 1
265 1
2904 1
837 1
2580 1
1345 1
2628 1
1 1
1646 1
3000 1
2797 1
1 1
703 1
255 1
3002 1
2974 1
1225 1
1 1
1 1
2070 1
3001 1
2 1
1876 1
835 1
2189 1
1 1
3001 1
1665 1
1 1
2844 1
1 1
565 1
1 1
2999 1
2036 1
15 1
14 1
250 1
2580 1
1724 1
380 1
1624 1
3000 1
2999 1
1817 1
2766 1
1 1
2999 1
1 1
711 1
2 1
2230 1
121 1
810 1
1115 1
633 1
1557 1
2 1
2904 1
3000 1
2090 1
1 1
1 1
2 1
1434 1
3001 1
1 1
3 1
3001 1
2532 1
3001 1
2915 1
1 1
3000 1
2323 1
1 1
1639 1
1663 1
2 1
2741 1
69 1
1 1
2 1
3001 1
3001 1
922 1
993 1
1 1
1028 1
507 1
1 1
72 1
503 1
1382 1
839 1
2 1
602 1
417 1
2 1
1 1
953 1
936 1
1130 1
3001 1
2373 1
1971 1
730 1
3002 1
437 1
300 1
2 1
537 1
2473 1
1 1
3000 1
2663 1
3002 1
37 1
253 1
345 1
1490 1
2998 1
2426 1
3000 1
3000 1
998 1
2860 1
2426 1
1766 1
2504 1
1 1
3 1
54 1
2445 1
1249 1
345 1
291 1
1 1
3000 1
2 1
134 1
1 1
1913 1
2136 1
1750 1
235 1
1328 1
3000 1
2727 1
3001 1
2823 1
775 1
502 1
89 1
117 1
1 1
3001 1
2690 1
1149 1
1 1
420 1
52 1
2349 1
2247 1
718 1
2519 1
1 1
2883 1
3001 1
2315 1
2267 1
293 1
1838 1
1624 1
2789 1
2283 1
2247 1
1722 1
3001 1
1303 1
1 1
1284 1
1 1
1582 1
2 1
2419 1
