4 2 
 1  2
 2  3
 4  1
 6  2

5 3   
13 11
 3 17
15 20
 6 13
17  9

8 5   
 3  5
17 16
 6  0
17 10
 6 14
 3 19
 4 13
 0 17

8 4    
19 18
 5  9
 0  9
 5  0
 4  4
16  9
 4 15
20  5

2 1  
1 2  
4 3

2 1  
4 3  
1 2

2 1  
3 4  
1 2

2 1  
2 1  
3 4

18 7  
 1  1 
 1  2 
 2  1
10 10
11 10
10 11
 7  7
 7  8
 8  7
14 14
14 15
15 14
 4  4
 4  5
 5  4
19 19
19 20
20 19

21 13 
20 20 
19 19 
18 18
14 14
13 13
 5  5
 4  4
 3  3
12 12
10 10
 9  9
 8  8
17 17
16 16
15 15
 7  7
 6  6
11 11
 2  2
 1  1
 0  0

10 10 
 8 16
 9  6
 6  6
 2 15
 0 13
17  8
17  3
13 13
15 10
18  2

10 9  
12 13
16 17
 2  7
 1  9
 5  7
10  9
 9  8
 9 19
 2 10
 3 19

10 8  
14  4
18 17
20 12
10 16
 8 14
 1 16
 9 10
16 11
 4  2
10 16

10 5  
 3  8 
15  8 
11  8 
 7  8 
 1  8 
17  8
 8  8
 2  8
13  8
 3  8

1 1  
9 11

1 1
7 3

1 1
5 5

1 1
0 0

1 1
0 20

1 1
20 0

1 1
20 20

20 20 
0 0   
0 0   
0 0
0 0
0 0
0 0
0 0
0 0
0 0
0 0
0 0
0 0
0 0
0 0
0 0
0 0
0 0
0 0
0 0
0 0

20 20
0 20
0 20
0 20
0 20
0 20
0 20
0 20
0 20
0 20
0 20
0 20
0 20
0 20
0 20
0 20
0 20
0 20
0 20
0 20
0 20

0 0

