200 50
436 638
2465 2629
3759 3787
2301 2900
2299 3150
2496 2752
102 116
2365 3049
2143 2521
2225 2686
2188 2977
1566 2105
3814 4194
2581 2593
2189 2975
2500 3285
2484 2719
2102 2500
4515 4604
2401 2779
447 496
2191 2774
2560 2998
3169 3278
333 401
4660 4690
2500 2722
2483 2721
1919 2765
4185 4315
2381 2559
2300 2572
358 512
202 219
1934 2500
2375 2634
1883 2500
2145 2641
4344 4737
2479 2613
2251 2583
2450 2594
2084 2587
4418 4757
522 694
2354 2860
3619 3843
1227 1261
2599 3048
1898 2041
4613 4688
2236 2689
3995 4093
2324 2843
1760 1814
1902 2028
2780 2825
2492 3078
1304 1367
1820 2577
4501 4879
2440 2824
3209 3720
2251 2637
2338 2357
3015 3382
1622 2500
2123 2233
2376 2552
3571 4028
2415 2915
865 944
895 1287
2036 2607
2500 2665
2500 2806
2500 2719
2500 2657
2266 2678
3543 4054
2500 3404
2420 2728
2246 2727
4941 4981
2393 2776
2428 3032
1403 1896
2236 3051
2199 2553
2398 2882
1961 2500
2335 2976
2139 2552
2227 2819
3079 3559
1860 2500
1035 1130
2485 3072
1336 1524
2671 2680
2463 2695
2327 2687
2418 3182
2013 2584
2412 2591
2100 2595
2312 2717
2270 2506
2393 2590
2325 2713
3493 3496
1707 2583
2500 2839
2334 2343
2722 2722
2151 2606
1160 1351
3803 4094
2192 2832
2391 2852
2429 2847
1793 2544
2399 2539
2440 3202
2024 2844
2353 3239
4519 4554
2374 2913
2133 2317
1000 1439
1804 2523
2130 2500
2070 2577
1994 2665
1990 2500
2299 2588
2181 3041
2028 2754
2002 2500
2013 2615
2278 2927
2388 2608
1368 1486
3505 3666
2095 2608
2268 3035
1863 2131
2373 2624
2401 2663
977 1255
3524 3605
2492 2607
2423 2793
2196 2644
2500 2677
2419 2958
1122 1819
2500 2760
239 376
587 643
1593 1813
2005 2745
2882 2919
2274 2572
2451 2939
3477 3499
2456 2800
2863 3293
3084 3101
3986 4141
2336 2661
1934 2826
1411 1773
4735 4904
1926 2027
2500 3185
2386 2617
2388 3061
1842 2195
2384 3281
3959 4229
1856 2550
2500 2962
2385 3145
2266 2745
1623 2500
2384 2875
2147 2716
2209 2849
2500 2784
2088 2607
3233 3858
1917 2812
2279 2875
2035 2512
4599 4943
4040 4096
2058 2375
2412 3180
4644 4881
