50
szf
90 89 46 25 15
20 29 58 27 24
10 32 33 59 63
54 49 13 23 76
50 8 65 44 22
kgscsnetma
88 90 48 11 13
73 26 18 64 50
5 67 84 16 12
45 63 30 60 59
69 86 36 34 43
zjqkupdkmq
14 24 74 66 27
9 45 54 58 82
69 3 34 39 79
20 48 41 22 51
59 28 16 90 47
tjqleiu
70 76 33 53 59
54 15 3 77 26
44 57 25 67 22
88 83 13 30 21
31 7 65 84 85
j
59 25 23 67 32
28 73 68 60 56
15 1 46 6 57
61 78 83 3 8
64 5 49 62 54
csbncfearnflhybeqp
65 11 87 79 77
61 80 49 83 39
23 51 67 47 5
15 54 13 21 75
20 90 1 31 44
ruilviskldmfzi
66 62 46 31 69
86 2 70 77 33
28 74 29 54 55
39 84 87 53 8
63 58 5 81 14
jozowwlawwf
50 60 40 77 89
53 30 82 73 51
33 27 39 83 17
47 49 66 8 37
13 38 19 86 54
pa
45 7 85 29 78
53 14 56 13 19
12 59 87 32 48
9 51 42 15 55
8 81 83 77 23
vuyogn
43 19 5 48 2
31 82 28 76 73
66 20 53 77 71
9 62 27 51 61
24 10 90 25 3
xracopjukfibkuuaohxu
59 20 3 81 54
23 34 70 73 53
71 79 55 86 77
89 69 82 90 31
14 24 40 51 26
iusbim
16 21 28 45 13
25 67 60 61 79
55 74 37 81 73
2 49 17 83 26
62 48 29 44 31
bfitr
69 89 27 61 17
72 34 63 23 51
20 10 37 58 68
43 3 41 24 82
26 71 65 45 47
paiwipgx
81 40 27 80 11
70 64 66 9 56
23 73 43 12 50
21 77 55 42 74
25 24 45 88 69
qnvlkzjkcahyqegnyctr
27 22 67 44 70
45 38 64 25 66
30 78 90 3 10
73 19 29 5 15
48 17 13 43 76
ujummcjwgrlsl
58 50 61 53 74
45 83 62 36 27
59 11 38 52 80
49 24 51 10 82
39 44 78 8 2
nixtvkjdblf
84 2 28 13 37
72 68 16 75 85
44 45 17 64 71
66 48 32 25 19
30 29 39 49 62
ha
44 18 77 63 5
58 36 85 88 15
30 11 3 12 16
27 55 82 81 50
52 83 4 86 70
ptbqpvvy
89 24 11 70 28
16 2 61 76 15
84 31 14 29 69
48 3 39 53 17
44 22 60 59 38
kqburbidis
58 36 74 56 76
24 68 65 45 87
11 89 19 57 17
25 49 29 85 43
84 52 54 50 55
aycpejmdkdrwgvmghpd
84 10 9 70 56
31 75 81 58 87
27 60 66 18 40
21 39 35 33 67
4 13 76 32 23
sixjzeewk
75 44 62 68 80
39 12 8 77 53
2 54 10 45 76
82 61 33 26 64
3 20 1 88 37
kt
39 60 69 31 35
32 21 71 61 5
9 12 36 14 38
74 19 70 8 18
64 68 67 51 45
hlhp
35 84 2 17 1
58 31 48 25 6
66 62 76 89 40
24 3 38 43 90
26 28 68 60 15
hhwy
69 63 13 35 86
40 67 83 80 6
66 49 43 38 44
54 31 26 9 58
41 50 68 81 64
pzedmtzobfhnlrz
9 16 21 86 43
80 73 38 33 31
34 55 30 35 50
4 39 2 64 6
3 57 32 61 78
zuoohrwjdhmvbt
17 46 72 25 43
32 51 10 89 57
36 39 76 29 83
70 67 80 41 64
90 6 65 16 33
rigqwujna
66 82 56 42 65
44 86 38 10 84
72 33 80 59 34
85 37 48 53 6
18 73 1 63 52
yfbvt
78 7 69 68 50
71 18 15 79 29
32 25 17 40 1
89 6 13 57 44
47 28 3 42 21
byjoipsi
5 55 8 47 10
28 49 4 36 67
82 19 11 18 41
17 52 56 73 76
62 34 69 84 65
dnn
90 61 68 73 48
14 35 13 56 84
83 64 7 3 67
36 80 41 74 8
11 47 1 79 10
koftu
58 8 77 37 13
90 40 1 11 78
68 43 61 23 74
25 2 31 89 50
14 33 36 85 16
gehjuwonvnyulf
13 84 66 49 69
75 59 5 38 63
44 14 29 54 45
76 30 88 4 78
28 61 56 72 3
cihlsekbedneryj
57 87 5 37 31
15 3 28 88 79
13 71 62 4 73
20 83 78 32 19
16 54 40 89 22
yjekpzsatlrgu
68 64 45 35 29
27 24 17 13 62
65 12 44 63 58
87 57 34 60 71
69 41 3 48 1
ifsmzajfqppygwnd
15 69 30 8 73
17 68 48 22 43
85 53 70 7 84
27 74 80 87 77
88 36 1 64 51
jjr
42 3 56 52 68
78 59 17 81 73
53 32 22 27 66
14 90 30 72 20
12 29 36 25 74
kaddg
6 19 17 58 76
62 75 74 81 13
89 41 38 28 44
9 25 5 40 88
1 54 11 2 39
ppgbqegzycltigrvsio
28 82 69 8 76
43 42 2 29 49
87 60 64 36 1
55 78 3 20 33
58 85 18 80 22
afuihebtkhgrlnjlmm
41 71 44 24 8
19 80 66 54 9
84 85 68 18 78
35 90 30 63 89
25 57 47 59 28
qqlyppwqbewfkxeuzvts
64 15 72 54 59
34 25 10 69 23
32 50 45 26 66
16 85 41 73 89
53 81 46 78 47
rxrfyqtih
47 78 66 7 34
64 48 26 22 2
14 37 58 56 36
1 18 60 13 89
35 25 12 40 19
msypcxbcdqonya
15 13 12 73 64
17 6 19 18 87
22 72 1 56 77
51 66 69 84 44
71 40 39 60 82
ajgkrpagttfkaefatljf
24 39 87 80 5
66 9 86 16 40
14 67 55 59 8
34 64 57 12 75
31 73 38 79 51
druoykxxh
69 10 42 51 77
57 12 74 28 78
40 66 29 23 85
41 26 6 62 15
11 58 81 8 71
fgomtekpxdfkdpllkwe
35 40 59 71 44
69 11 31 33 90
82 42 79 74 9
16 10 49 7 47
14 73 83 61 43
aqdtkjecorwskobubrrw
44 75 79 40 33
19 12 63 85 29
46 10 81 57 25
80 54 39 32 18
71 60 15 59 14
qbovowjdgwpdtdvn
55 6 30 44 51
10 64 74 26 83
70 86 5 63 72
17 12 24 9 4
80 73 69 33 35
mipyssa
86 63 87 68 56
4 46 90 53 1
31 2 22 60 40
39 5 77 10 69
55 33 32 42 11
lexllcofuly
18 83 72 2 13
11 5 76 23 65
48 63 52 74 55
90 50 8 38 28
47 29 79 21 56
70
62 65 16 39 19 75 48 72 18 3 70 7 52 60 69 85 1 82 23 57 83 90 59 35 24 15 66 30 71 89 11 28 73 37 21 49 84 4 25 10 31 27 5 54 2 13 78 77 86 29 81 76 50 56 79 12 44 17 34 20 40 9 45 88 67 80 47 68 22 6
