3
vfolxtlafamvqbew
61 60 31 3 12
42 79 6 65 58
63 59 24 44 74
66 90 11 89 82
78 7 13 20 85
nqphzshaodg
19 3 36 65 87
12 70 49 79 52
76 85 15 82 17
89 4 53 9 5
8 21 69 64 44
irgyferizhztfipx
52 84 90 54 89
4 14 29 35 36
57 78 65 16 73
12 50 30 64 56
8 27 23 13 82
81
52 89 35 65 50 1 2 3 4 5 6 7 8 9 10 11 12 13 14 15 16 17 18 19 20 21 22 23 24 25 26 27 28 29 30 32 33 34 36 37 38 39 40 41 42 43 45 46 47 48 49 51 54 55 56 57 58 59 60 61 62 63 64 66 67 68 69 70 71 72 73 74 75 77 80 81 82 83 84 86 88
