10
28 20 23
15 19
15 19
11 14
26 26
28 28
27 27
26 28
18 28
22 23
6 8
21 26
1 3
13 20
23 25
28 28
23 23
12 17
2 17
10 16
11 27
14 4 19 12 18 16 2 9 27 15 13 6 22 25 23 20 21 8 24 1 26 7 17
32 17 28
3 31
4 29
16 23
18 30
26 29
4 6
2 6
30 32
13 21
17 20
31 31
9 21
6 14
8 8
16 28
16 16
22 30
32 6 14 20 23 30 26 12 7 1 24 29 8 27 28 2 9 17 16 15 21 25 13 3 11 10 5 22
134 6 126
92 105
86 101
21 30
68 116
132 132
62 99
112 22 108 4 7 27 53 23 96 95 70 122 66 2 72 94 24 62 55 78 50 56 33 129 38 26 115 83 114 75 106 99 65 103 44 124 36 31 40 34 88 18 16 126 131 1 68 104 43 20 118 48 58 59 69 42 17 12 25 105 21 91 51 128 111 102 73 45 11 57 100 37 90 13 74 97 67 117 54 8 77 19 110 47 84 64 134 61 121 6 92 119 125 109 30 120 52 93 87 32 28 85 113 89 98 82 46 79 14 80 41 132 86 133 29 5 15 10 60 76 127 35 3 9 49 107
89 80 1
7 62
6 36
12 77
68 72
75 86
26 78
24 74
55 59
40 68
89 89
27 41
12 59
35 59
12 41
59 85
77 80
34 63
4 38
70 87
4 86
66 66
61 79
82 89
67 76
41 79
1 82
19 61
82 82
42 52
71 78
78 87
81 88
20 83
32 62
68 68
71 75
9 57
13 31
39 39
17 28
20 67
77 80
10 27
64 67
16 86
76 83
66 73
74 87
82 88
16 56
81 89
55 59
70 82
8 8
86 88
29 85
56 67
85 86
83 83
84 89
13 27
49 69
85 89
47 67
79 82
14 51
23 86
75 89
24 75
56 71
39 67
60 63
82 85
75 81
66 70
33 86
86 88
36 54
16 78
30 86
2
98 56 26
32 70
2 50
39 63
34 93
93 95
82 89
5 80
51 52
72 85
38 64
44 49
63 78
3 21
54 98
69 83
61 94
75 87
19 93
26 36
79 79
72 81
33 47
26 95
48 48
30 57
45 91
40 87
11 81
57 80
10 81
4 79
9 46
15 29
9 62
82 92
75 78
87 97
8 92
6 88
71 94
16 94
33 75
19 20
49 95
95 97
15 70
48 93
98 98
90 96
83 86
19 68
87 97
28 36
71 84
2 94
38 71
37 32 76 81 7 44 94 79 97 89 51 77 70 62 95 6 84 82 49 38 29 3 24 54 86 65
129 40 70
70 87
118 122
87 126
103 122
40 83
102 114
103 105
40 121
80 98
49 104
123 128
1 56
43 60
39 78
121 123
44 55
48 63
120 129
90 128
55 79
67 127
51 127
89 114
103 111
57 75
96 118
44 57
89 115
72 99
124 124
119 126
119 119
92 96
97 99
96 102
126 127
117 124
52 100
4 76
13 25
49 126 70 23 104 114 21 53 4 65 10 26 85 73 93 79 47 48 84 98 7 95 44 64 32 16 25 19 125 2 18 72 20 122 52 37 30 82 124 51 96 59 109 41 100 9 55 33 22 17 57 83 120 43 63 69 13 110 111 123 99 28 119 116 35 66 117 94 86 15
550 259 452
136 180
331 354
544 544
60 143
214 364
309 430
255 534
31 238
10 143
497 526
203 498
537 547
193 506
9 89
279 481
260 371
184 196
156 516
58 466
62 482
184 515
294 422
294 491
33 204
11 479
502 528
214 489
504 504
458 529
143 248
38 117
303 393
144 429
529 532
287 426
97 396
57 275
312 438
153 156
452 459
124 457
253 354
64 182
357 362
140 236
232 388
185 446
219 271
396 466
47 483
74 210
248 535
263 289
219 471
86 487
105 223
256 538
314 475
130 286
392 507
401 498
492 514
386 438
219 320
75 192
428 550
313 485
326 395
398 402
321 336
468 535
550 550
475 541
41 464
394 497
151 546
115 344
39 85
514 536
298 423
251 463
254 262
383 524
447 505
282 348
548 549
124 323
171 516
20 320
309 362
309 388
383 511
357 526
279 409
511 517
461 548
121 531
339 367
535 540
509 550
185 312
21 322
281 526
329 492
35 136
176 368
196 381
281 302
291 373
169 274
104 346
47 484
115 276
548 548
515 533
179 199
340 537
104 145
336 410
439 445
126 373
121 215
117 359
201 538
401 531
282 285
121 529
405 425
22 520
61 94
462 500
260 463
199 238
538 542
187 343
462 489
385 518
216 316
76 332
511 514
234 255
301 380
495 520
391 426
165 274
199 363
238 368
352 535
271 511
531 543
549 549
260 394
87 450
189 441
413 506
206 213
501 525
185 228
32 355
130 216
548 549
361 418
331 436
318 497
236 432
335 524
422 503
225 358
463 516
440 483
22 278
238 479
124 441
235 319
318 525
470 527
204 315
187 400
506 532
419 442
484 486
518 527
509 538
347 432
25 229
423 492
489 533
88 531
47 179
21 518
448 471
324 545
174 367
248 520
360 403
133 377
413 480
153 305
390 535
230 279
122 433
280 447
113 540
197 470
421 451
465 512
159 417
274 348
488 497
114 266
381 412
194 257
477 543
209 225
150 175
398 506
351 383
80 475
523 539
478 486
1 505
508 549
293 443
358 417
362 513
173 449
18 376
124 125
6 110
32 182
401 426
252 461
390 420
40 49
427 524
331 515
493 535
494 520
169 492
448 511
146 234
348 494
434 434
273 325
366 379
282 499
299 451
370 541
125 213
220 480
476 482
198 533
291 392
457 514
112 279
356 371
259 363
268 405
27 510
100 139 16 127 479 122 258 174 384 520 32 243 190 156 125 186 536 278 238 546 182 33 129 293 134 133 432 357 449 390 312 303 300 84 196 162 511 521 10 346 457 447 89 310 495 178 446 69 35 442 98 4 489 394 149 128 114 461 29 279 113 180 51 240 20 480 88 256 428 272 248 54 387 407 334 349 549 208 242 43 535 155 167 337 217 199 287 416 234 93 361 185 211 420 534 351 207 168 164 53 284 239 335 299 36 344 160 467 223 204 56 396 147 295 401 328 469 367 411 224 97 46 373 252 481 15 550 522 378 75 96 309 320 286 530 529 435 493 419 151 79 352 91 451 443 348 50 117 120 358 171 434 369 422 372 340 261 397 191 61 197 356 398 173 222 200 475 339 425 347 165 545 468 388 263 148 332 8 487 365 25 57 282 362 26 504 189 237 247 141 109 497 215 195 415 42 538 130 184 523 257 374 542 527 366 52 427 322 548 406 544 90 254 408 338 321 404 528 17 510 157 225 490 292 450 159 389 108 9 213 471 296 95 314 39 124 297 236 73 444 364 22 315 298 92 266 70 308 269 232 62 532 376 336 226 454 228 478 192 40 294 540 246 172 371 498 86 327 31 354 270 516 496 13 6 63 24 289 37 161 500 285 464 543 518 418 379 342 203 58 244 453 135 503 316 509 304 103 209 201 45 423 360 2 74 345 176 311 323 463 301 106 325 188 85 386 111 291 400 290 80 305 28 459 283 488 440 466 59 537 506 505 485 458 448 126 513 166 241 193 216 539 370 470 512 118 136 483 105 7 431 78 363 473 392 460 5 19 67 206 533 64 414 281 437 183 153 410 259 472 502 393 21 255 274 212 230 494 429 175 262 44 395 154 55 399 276 170 277 144 318 375 210 381 140 421 41 547 275 368 438 143 417 307 260 486 288 477 38 519 264 146 383 313 329 517 430 499 268 350 83 119 205 65 302 150 214 455 474 81 104 77 221 409 48 382 99 187 116 306 412 514 353 3 218 233 137 331 271 152 377 330
358 356 221
89 270
7 223
19 183
275 341
19 259
202 220
10 177
165 301
28 135
51 121
209 329
206 239
52 181
300 335
206 221
259 307
97 123
93 213
70 82
338 345
91 214
197 291
133 274
193 335
259 298
316 330
42 228
210 338
33 350
319 354
65 340
183 355
46 292
42 229
186 187
246 283
53 323
91 99
75 331
262 356
340 357
47 226
257 301
289 333
173 182
187 239
346 354
243 352
191 280
170 280
253 340
241 256
7 284
357 357
151 180
196 244
246 341
198 198
117 290
157 257
119 220
68 129
115 186
101 186
235 335
210 263
355 358
7 262
225 296
222 356
357 357
129 246
263 328
99 141
285 310
2 146
37 310
125 248
23 319
275 335
200 241
99 303
164 351
6 304
128 351
52 194
147 297
342 352
283 349
222 289
272 343
235 286
138 231
75 286
41 54
68 185
73 140
339 345
81 269
239 339
154 255
172 176
172 177
24 286
248 351
113 130
46 116
108 278
105 145
65 192
41 148
71 348
194 358
258 285
159 281
262 357
9 137
67 218
87 171
233 282
138 319
120 128
113 142
232 275
268 306
215 221
338 358
118 307
23 291
150 229
39 277
251 289
254 348
177 320
47 201
247 349
127 355
147 149
308 335
156 168
2 173
43 351
357 358
97 157
173 352
258 289
143 237
75 299
88 352
215 246
227 347
304 307
291 352
352 357
277 348
188 279
176 337
33 144
292 345
142 295
113 216
179 322
152 272
150 318
7 136
86 135
161 238
103 148
118 209
50 307
17 165
181 185
344 348
134 330
289 306
261 261
268 269
113 250
147 352
55 123
159 162
205 336
15 149
20 277
141 295
230 283
353 356
272 296
306 314
221 241
305 335
48 113
247 247
132 171
143 305
17 146
163 184
90 321
325 349
257 301
311 355
135 232
341 354
41 76
35 96
255 274
76 178
71 345
253 319
77 276
10 153
177 210
269 297
163 171
260 301
154 309
229 325
224 336
227 248
340 345
155 311
96 209
31 43
57 340
114 304
87 107
2 131
179 194
324 333
352 355
29 282
25 228
96 202
322 357
280 336
86 104
317 329
289 348
324 326
354 355
342 354
132 160
125 311
276 339
329 339
284 358
341 351
217 251
265 325
232 255
185 240
59 344
286 332
138 213
182 185
291 298
21 138
211 316
225 319
226 240
166 316
75 233
294 311
32 264
4 76
158 231
114 126
41 177
302 357
295 335
2 274
284 334
200 337
302 322
56 305
194 253
266 290
154 274
9 277
146 259
184 209
338 351
47 106
160 184
169 246
150 319
85 116
1 194
100 269
230 262
80 135
303 344
111 357
15 322
347 350
345 351
334 355
212 241
140 335
301 336
141 301
308 312
202 272
36 291
16 231
315 348
236 332
341 348
323 323
231 353
322 353
125 285
131 215
207 211
108 223
185 298
292 327
294 348
11 224
297 333
200 332
277 358
223 322
348 348
253 314
208 262
314 329
75 332
242 348
263 292
228 326
226 251
340 347
41 112
323 348
284 303
13 146
155 358
313 334
66 262
92 135
151 311
313 332
258 272
270 278
303 351
159 321
36 321
347 352
328 355
219 305
209 348
28 269
152 278
141 266
264 320
111 297 143 16 354 73 5 110 45 191 70 8 221 91 271 343 265 293 171 318 253 88 2 13 245 315 219 198 105 50 338 82 257 97 289 77 260 196 99 212 189 76 31 323 350 84 41 18 300 56 19 30 93 107 147 75 15 103 341 186 230 216 173 164 279 333 55 248 83 261 210 69 326 104 121 138 301 316 342 37 149 131 141 184 247 94 180 283 165 211 89 4 309 145 273 220 71 33 228 152 347 49 44 305 151 130 258 295 188 128 27 356 117 311 313 355 90 160 126 135 298 287 158 57 26 254 275 120 60 183 35 72 259 155 240 269 331 200 134 321 285 14 203 144 127 250 17 96 108 168 217 38 129 167 249 86 106 156 85 349 40 95 181 66 63 148 1 28 194 330 113 280 345 101 193 204 118 80 304 92 115 163 162 234 244 79 352 39 272 176 195 292 61 291 190 6 278 64 142 199 32 170 11 139 270 325 65 125 215 310 201 25 303 209 314 136 306 223 308 241 214
604 309 222
490 574
6 19
12 105
39 473
451 537
75 272
260 398
6 108
128 541
197 457
528 552
408 573
174 548
69 589
191 254
301 572
135 556
538 580
445 543
159 319
294 520
506 556
127 199
69 460
77 384
491 519
156 425
382 524
543 564
441 484
471 573
82 364
296 593
90 369
510 513
417 479
495 579
363 437
425 600
134 422
219 427
65 275
213 597
159 293
502 545
524 535
375 401
172 289
344 448
177 583
141 440
196 270
452 469
296 426
435 512
381 595
405 475
511 543
113 145
484 493
602 602
114 300
231 384
148 563
249 294
28 542
483 504
63 351
28 511
353 551
125 544
129 327
530 554
362 364
111 399
411 449
340 507
439 469
60 157
391 577
386 490
45 410
268 370
442 461
444 504
560 600
19 45
579 586
362 386
50 312
456 559
328 461
225 415
237 325
204 335
436 575
492 567
519 529
561 582
25 522
299 361
101 550
32 201
321 591
368 556
433 573
201 562
236 261
44 384
519 591
231 573
495 521
95 172
545 565
193 299
187 522
549 557
64 117
465 559
158 357
414 435
279 436
565 578
186 528
107 574
555 579
100 375
260 426
545 601
160 343
24 136
56 366
81 506
303 521
356 482
413 603
127 276
53 446
487 515
57 361
81 521
16 322
559 592
278 325
342 451
332 545
127 411
341 425
505 602
415 556
121 306
103 206
498 573
458 588
372 479
346 353
446 466
224 395
166 473
287 294
62 105
302 340
282 541
160 550
571 580
173 432
276 494
474 480
216 339
49 205
423 541
285 490
600 603
313 517
465 479
84 292
535 562
598 600
540 575
401 592
185 208
436 567
479 515
496 569
454 574
348 433
448 564
138 403
486 571
343 588
451 505
565 571
227 280
505 506
333 405
563 590
440 565
587 603
287 382
238 468
345 438
530 559
195 551
290 296
491 591
556 603
436 512
213 292
180 562
302 349
458 527
484 497
284 541
410 523
478 545
122 300
124 220
492 537
231 381
329 426
434 563
288 547
283 461
31 172
397 409
542 564
513 521
382 398
415 415
82 529
501 577
456 501
545 551
147 430
208 542
573 594
88 474
324 440
387 431
495 589
563 602
43 329
463 550
245 421
147 241
244 604
513 546
474 533
184 550
299 319
596 597
45 541
136 546
120 414
311 398
496 592
327 432
49 300
173 189
391 437
558 593
238 245
539 601
587 592
212 441
403 474
595 603
142 462
288 419
17 289
441 561
527 579
385 457
531 581
575 601
298 588
227 365
94 121
122 209
115 339
222 406
544 585
102 474
157 473
406 603
350 501
16 503
57 439
243 349
62 520
446 492
58 466
189 450
475 578
27 266
101 317
335 472
33 375
295 532
147 455
588 598
3 96
73 416
54 345
400 485
144 395
377 593
273 592
200 243
394 65 369 367 564 345 79 58 330 329 387 138 157 422 579 417 180 256 576 1 42 233 294 239 306 487 53 426 603 169 295 56 590 51 196 257 27 81 20 272 588 203 475 409 327 137 408 286 558 379 228 261 113 149 483 14 15 428 383 572 511 596 554 168 602 437 457 11 114 117 13 120 245 311 504 314 164 279 49 496 412 552 67 348 481 479 561 384 108 248 395 449 50 148 458 207 495 513 127 170 439 393 61 212 328 78 392 64 385 46 436 514 396 253 291 130 443 320 489 502 388 55 92 414 350 401 594 364 589 560 531 332 304 116 536 400 208 21 372 448 57 34 509 601 407 453 527 238 432 151 265 472 86 493 290 262 131 22 187 133 200 159 506 566 10 351 75 334 221 225 366 195 465 111 302 254 218 512 491 423 141 153 52 31 158 23 94 156 240 5 543 521 373 390 147 587 433 368 403 145 441 580 146 421 499 226 60 462 144 104 548 122 323 109 544 96 288 115 398 600 8 463
428 363 125
212 401
95 215
290 399
204 426
153 342
126 423
367 375
274 397
35 62
115 378
70 321
237 301
295 405
423 425
54 356
222 398
143 181
43 357
49 362
343 353
214 284
332 342
84 361
231 250
294 383
284 324
26 274
16 272
308 385
149 272
229 407
281 401
154 421
370 418
350 397
172 360
106 201
26 162
106 334
315 391
60 214
98 313
282 284
29 138
234 317
74 393
103 104
281 307
306 340
121 371
251 383
268 428
96 215
84 353
345 377
16 56
215 332
116 245
105 162
32 323
201 280
160 253
232 296
19 96
210 407
146 202
323 396
273 425
116 390
360 383
47 325
119 296
269 424
298 423
165 319
339 354
346 415
159 221
94 333
166 359
87 364
388 428
29 182
289 419
71 136
220 418
187 248
232 394
370 417
190 301
229 237
281 357
53 347
143 419
366 366
251 298
104 280
123 152
21 198
244 290
205 212
162 162
180 413
286 403
279 330
344 381
248 288
234 322
117 266
36 370
22 294
108 382
335 355
170 244
102 414
322 379
1 416
154 298
32 229
36 335
337 337
288 421
3 46
143 284
388 405
185 213
5 257
86 268
385 388
162 407
204 273
41 84
344 422
355 375
92 94
123 226
123 133
283 317
47 273
355 400
211 339
218 301
23 58
141 381
36 204
221 337
23 281
151 159
77 361
111 218
243 267
20 351
118 329
83 239
222 315
396 424
336 382
34 50
9 156
398 425
354 422
112 239
13 302
297 371
377 416
210 292
302 334
415 428
292 306
102 330
70 328
72 415
324 382
15 254
320 375
206 298
411 412
45 259
174 253
404 426
17 265
412 424
277 291
417 421
207 372
188 358
333 350
305 411
169 184
127 428
115 279
27 324
60 357
387 411
245 313
397 397
421 423
139 289
99 262
103 131
144 280
78 86
93 110
350 413
154 375
335 364
277 403
168 228
424 425
416 426
407 420
226 385
378 427
353 424
166 251
179 376
363 419
274 379
394 402
273 273
196 367
224 308
76 142
246 426
124 182
187 218
185 270
32 359
355 382
143 349
266 377
323 394
354 360
158 343
38 192
202 208
81 418
71 139
70 272
295 303
283 284
417 425
315 359
280 291
290 376
396 405
54 420
359 366
74 198
267 318
210 284
331 388
315 350
336 383
268 408
79 305
189 340
180 405
7 33
78 159
336 365
124 424
274 382
382 393
414 427
80 402
35 298
422 424
184 281
187 389
272 356
50 104
47 382
271 395
386 414
125 371
220 256
280 404
12 346
14 122
112 185
311 353
189 248
184 280
28 329
105 394
168 267
56 238
129 312
344 377
112 305
176 292
37 363
46 336
408 425
104 269
373 380
281 346
338 390
276 420
75 186
369 385
372 379
366 411
380 394
352 393
190 376
274 401
215 247
79 265
405 418
305 405
415 416
139 214
418 425
31 377
125 251
13 384
203 416
318 373
26 261
122 412
250 383
207 418
239 292
281 421
161 324
353 425
105 401
126 150
108 158
194 258
156 404
376 376
358 396
420 420
420 421
266 404
122 206
408 425
235 309
60 65
66 147
395 414
254 417
166 410
18 138
101 293
314 356
204 395
122 218
71 409
22 295
284 295
227 349
63 272
9 405
281 390
115 344
383 420
144 205
386 426
64 79
23 341 147 132 374 17 308 220 254 151 271 274 14 71 165 257 390 25 375 122 317 361 331 31 406 153 344 199 244 157 12 230 259 301 92 285 248 96 407 109 172 215 91 32 266 175 325 316 152 392 369 169 313 106 123 417 399 90 233 205 228 26 378 98 416 422 171 321 239 136 393 119 398 419 427 4 304 409 43 277 329 295 225 3 381 261 180 190 60 137 145 262 206 128 376 44 216 149 338 418 395 306 37 363 104 387 50 177 164 400 86 309 371 322 298 273 107 217 424 101 45 394 53 108 64
