3000 3000
763854296 763854244 763854278 763854248 763854290 763854247 763854244 763854253 763854297 763854244 763854256 763854284 763854276 763854249 763854256 763854284 763854251 763854260 763854277 763854271 763854293 763854263 763854252 763854271 763854272 763854245 763854257 763854297 763854297 763854254 763854247 763854248 763854278 763854278 763854285 763854298 763854289 763854299 763854294 763854278 763854276 763854287 763854243 763854261 763854292 763854259 763854260 763854277 763854288 763854247 763854262 763854245 763854276 763854248 763854248 763854255 763854279 763854260 763854257 763854284 763854281 763854241 763854260 763854300 763854263 763854243 763854285 763854275 763854273 763854293 763854265 763854281 763854267 763854280 763854245 763854295 763854268 763854296 763854279 763854248 763854290 763854273 763854244 763854273 763854268 763854259 763854280 763854293 763854283 763854270 763854266 763854242 763854289 763854263 763854298 763854242 763854300 763854249 763854296 763854259 763854257 763854273 763854267 763854291 763854263 763854267 763854260 763854244 763854292 763854251 763854299 763854241 763854283 763854285 763854242 763854268 763854292 763854244 763854297 763854282 763854291 763854275 763854283 763854270 763854261 763854251 763854271 763854278 763854290 763854262 763854268 763854292 763854258 763854264 763854258 763854259 763854299 763854272 763854255 763854267 763854244 763854248 763854283 763854285 763854293 763854258 763854244 763854264 763854281 763854276 763854254 763854277 763854251 763854277 763854256 763854252 763854281 763854269 763854246 763854293 763854280 763854261 763854256 763854256 763854274 763854249 763854278 763854285 763854275 763854268 763854242 763854245 763854273 763854275 763854267 763854258 763854287 763854243 763854242 763854271 763854258 763854282 763854300 763854242 763854271 763854246 763854297 763854273 763854246 763854282 763854284 763854250 763854254 763854255 763854261 763854254 763854279 763854284 763854289 763854293 763854291 763854278 763854262 763854284 763854277 763854249 763854272 763854290 763854282 763854281 763854277 763854293 763854266 763854278 763854241 763854286 763854295 763854297 763854287 763854276 763854267 763854257 763854295 763854293 763854265 763854294 763854261 763854299 763854296 763854289 763854253 763854284 763854252 763854290 763854285 763854298 763854295 763854265 763854273 763854292 763854244 763854274 763854263 763854280 763854244 763854273 763854295 763854259 763854260 763854290 763854281 763854245 763854244 763854282 763854249 763854286 763854260 763854248 763854298 763854249 763854253 763854249 763854269 763854273 763854280 763854252 763854253 763854299 763854288 763854275 763854250 763854241 763854279 763854277 763854242 763854298 763854269 763854297 763854273 763854299 763854297 763854258 763854279 763854276 763854262 763854285 763854261 763854265 763854259 763854264 763854252 763854250 763854283 763854263 763854257 763854244 763854265 763854257 763854298 763854265 763854282 763854275 763854267 763854284 763854266 763854286 763854290 763854290 763854291 763854272 763854275 763854254 763854278 763854247 763854289 763854257 763854271 763854263 763854296 763854267 763854270 763854254 763854293 763854277 763854253 763854299 763854297 763854289 763854291 763854284 763854246 763854278 763854251 763854286 763854288 763854256 763854242 763854241 763854297 763854244 763854249 763854246 763854242 763854278 763854272 763854251 763854260 763854273 763854289 763854274 763854276 763854263 763854242 763854243 763854291 763854258 763854259 763854253 763854278 763854253 763854296 763854273 763854263 763854244 763854278 763854291 763854278 763854244 763854277 763854291 763854289 763854260 763854267 763854273 763854249 763854241 763854297 763854294 763854275 763854279 763854284 763854296 763854292 763854254 763854273 763854246 763854297 763854266 763854241 763854270 763854267 763854291 763854242 763854281 763854288 763854274 763854276 763854290 763854300 763854257 763854293 763854287 763854257 763854291 763854285 763854247 763854264 763854254 763854287 763854250 763854242 763854255 763854242 763854281 763854264 763854258 763854277 763854259 763854263 763854288 763854284 763854265 763854288 763854295 763854248 763854294 763854253 763854273 763854279 763854280 763854258 763854273 763854265 763854249 763854277 763854276 763854284 763854251 763854279 763854245 763854253 763854245 763854285 763854246 763854257 763854291 763854260 763854253 763854270 763854266 763854245 763854280 763854278 763854246 763854282 763854265 763854251 763854262 763854298 763854295 763854277 763854291 763854253 763854271 763854282 763854282 763854254 763854251 763854243 763854273 763854255 763854243 763854292 763854282 763854253 763854275 763854276 763854276 763854265 763854274 763854254 763854284 763854288 763854270 763854289 763854245 763854255 763854290 763854253 763854272 763854244 763854267 763854265 763854245 763854268 763854287 763854278 763854256 763854279 763854241 763854254 763854242 763854255 763854266 763854247 763854293 763854261 763854250 763854255 763854263 763854246 763854249 763854299 763854251 763854271 763854243 763854281 763854283 763854273 763854269 763854284 763854285 763854266 763854281 763854264 763854273 763854299 763854249 763854267 763854257 763854284 763854256 763854266 763854296 763854259 763854288 763854270 763854243 763854249 763854255 763854251 763854300 763854283 763854271 763854296 763854242 763854278 763854242 763854276 763854270 763854291 763854246 763854247 763854279 763854264 763854261 763854276 763854272 763854298 763854286 763854261 763854292 763854253 763854294 763854293 763854265 763854283 763854293 763854241 763854254 763854241 763854287 763854266 763854276 763854260 763854263 763854265 763854282 763854293 763854263 763854292 763854285 763854290 763854277 763854291 763854248 763854291 763854248 763854287 763854256 763854281 763854257 763854258 763854286 763854263 763854275 763854257 763854300 763854272 763854279 763854292 763854284 763854246 763854244 763854242 763854258 763854278 763854253 763854299 763854252 763854265 763854282 763854284 763854257 763854257 763854275 763854298 763854295 763854270 763854245 763854264 763854255 763854245 763854266 763854248 763854298 763854276 763854269 763854297 763854266 763854260 763854284 763854260 763854253 763854246 763854296 763854255 763854282 763854268 763854269 763854264 763854241 763854245 763854248 763854261 763854243 763854287 763854282 763854290 763854253 763854253 763854300 763854264 763854276 763854269 763854257 763854297 763854255 763854262 763854294 763854270 763854246 763854294 763854267 763854248 763854287 763854252 763854291 763854243 763854248 763854282 763854243 763854270 763854292 763854245 763854279 763854249 763854300 763854271 763854257 763854298 763854260 763854276 763854245 763854265 763854256 763854261 763854267 763854260 763854280 763854253 763854261 763854262 763854264 763854283 763854280 763854280 763854280 763854277 763854251 763854260 763854252 763854284 763854300 763854289 763854250 763854261 763854289 763854274 763854251 763854262 763854265 763854262 763854254 763854291 763854277 763854265 763854246 763854242 763854271 763854290 763854242 763854259 763854250 763854271 763854248 763854276 763854271 763854249 763854247 763854283 763854294 763854293 763854279 763854251 763854299 763854267 763854261 763854246 763854278 763854267 763854293 763854254 763854264 763854263 763854282 763854243 763854275 763854270 763854257 763854279 763854269 763854265 763854283 763854290 763854277 763854269 763854270 763854282 763854257 763854249 763854284 763854276 763854255 763854298 763854260 763854298 763854273 763854266 763854279 763854271 763854296 763854260 763854244 763854286 763854244 763854252 763854297 763854247 763854291 763854268 763854296 763854292 763854286 763854292 763854250 763854289 763854283 763854286 763854267 763854280 763854297 763854270 763854300 763854251 763854246 763854284 763854300 763854269 763854264 763854273 763854283 763854296 763854281 763854278 763854250 763854274 763854296 763854245 763854273 763854243 763854293 763854269 763854268 763854297 763854300 763854279 763854259 763854256 763854267 763854280 763854286 763854267 763854299 763854264 763854289 763854289 763854280 763854253 763854277 763854284 763854242 763854296 763854265 763854274 763854256 763854292 763854270 763854278 763854293 763854258 763854276 763854292 763854278 763854299 763854247 763854258 763854245 763854258 763854266 763854272 763854261 763854270 763854247 763854253 763854264 763854257 763854261 763854283 763854279 763854291 763854297 763854288 763854278 763854252 763854262 763854263 763854294 763854298 763854241 763854247 763854244 763854252 763854277 763854256 763854249 763854297 763854244 763854284 763854260 763854278 763854260 763854272 763854274 763854272 763854275 763854252 763854255 763854247 763854292 763854278 763854253 763854246 763854299 763854272 763854256 763854300 763854257 763854245 763854289 763854280 763854257 763854284 763854274 763854262 763854249 763854281 763854290 763854244 763854243 763854250 763854266 763854274 763854288 763854260 763854272 763854278 763854260 763854255 763854268 763854277 763854256 763854269 763854282 763854264 763854295 763854292 763854253 763854280 763854262 763854287 763854251 763854275 763854244 763854257 763854246 763854280 763854294 763854259 763854261 763854270 763854272 763854272 763854293 763854282 763854254 763854244 763854277 763854265 763854252 763854242 763854263 763854295 763854295 763854285 763854292 763854259 763854262 763854248 763854264 763854256 763854269 763854250 763854243 763854269 763854245 763854267 763854269 763854262 763854274 763854288 763854291 763854285 763854272 763854251 763854243 763854242 763854287 763854261 763854269 763854300 763854267 763854278 763854296 763854261 763854300 763854260 763854265 763854266 763854258 763854253 763854269 763854248 763854263 763854256 763854261 763854264 763854281 763854296 763854277 763854265 763854244 763854250 763854287 763854264 763854254 763854290 763854288 763854283 763854285 763854249 763854270 763854279 763854283 763854270 763854280 763854284 763854247 763854260 763854280 763854297 763854241 763854290 763854256 763854261 763854274 763854279 763854286 763854284 763854262 763854246 763854288 763854279 763854277 763854276 763854253 763854300 763854258 763854277 763854246 763854300 763854246 763854294 763854246 763854266 763854242 763854278 763854282 763854291 763854293 763854292 763854265 763854257 763854299 763854259 763854242 763854298 763854257 763854299 763854277 763854255 763854290 763854249 763854273 763854247 763854279 763854254 763854281 763854295 763854280 763854288 763854287 763854285 763854241 763854288 763854300 763854298 763854299 763854254 763854262 763854246 763854268 763854297 763854293 763854272 763854258 763854276 763854293 763854300 763854261 763854278 763854294 763854255 763854292 763854299 763854241 763854278 763854268 763854288 763854268 763854295 763854245 763854251 763854298 763854286 763854291 763854241 763854280 763854254 763854262 763854271 763854253 763854270 763854270 763854281 763854295 763854272 763854256 763854250 763854259 763854285 763854279 763854270 763854245 763854243 763854288 763854298 763854298 763854286 763854299 763854295 763854273 763854251 763854260 763854267 763854299 763854284 763854275 763854279 763854250 763854262 763854279 763854268 763854290 763854241 763854295 763854282 763854259 763854241 763854276 763854280 763854276 763854243 763854292 763854246 763854275 763854299 763854267 763854241 763854294 763854281 763854241 763854250 763854284 763854280 763854293 763854299 763854254 763854278 763854300 763854297 763854271 763854247 763854251 763854289 763854281 763854285 763854285 763854291 763854273 763854297 763854274 763854298 763854298 763854297 763854263 763854242 763854295 763854252 763854276 763854244 763854296 763854253 763854244 763854245 763854277 763854264 763854260 763854252 763854268 763854268 763854281 763854267 763854242 763854259 763854253 763854274 763854254 763854290 763854258 763854249 763854241 763854250 763854279 763854296 763854291 763854271 763854253 763854298 763854245 763854245 763854271 763854243 763854281 763854290 763854242 763854261 763854285 763854245 763854246 763854244 763854284 763854278 763854283 763854282 763854287 763854248 763854241 763854300 763854289 763854266 763854285 763854246 763854248 763854255 763854298 763854255 763854246 763854274 763854260 763854263 763854265 763854294 763854268 763854251 763854279 763854270 763854294 763854269 763854291 763854270 763854250 763854265 763854298 763854285 763854284 763854273 763854267 763854241 763854268 763854241 763854271 763854267 763854254 763854264 763854249 763854292 763854295 763854298 763854251 763854264 763854246 763854292 763854284 763854271 763854252 763854255 763854268 763854259 763854245 763854265 763854259 763854248 763854272 763854250 763854282 763854284 763854283 763854296 763854264 763854255 763854273 763854271 763854263 763854264 763854254 763854246 763854280 763854298 763854266 763854249 763854275 763854243 763854258 763854257 763854292 763854273 763854250 763854287 763854263 763854256 763854261 763854277 763854297 763854249 763854269 763854267 763854253 763854271 763854284 763854263 763854300 763854293 763854291 763854246 763854241 763854285 763854247 763854292 763854282 763854243 763854260 763854260 763854289 763854271 763854268 763854290 763854268 763854258 763854270 763854288 763854249 763854258 763854284 763854285 763854290 763854263 763854291 763854253 763854246 763854286 763854243 763854283 763854262 763854278 763854261 763854292 763854242 763854250 763854255 763854267 763854250 763854253 763854255 763854280 763854269 763854270 763854257 763854244 763854297 763854281 763854252 763854284 763854280 763854259 763854241 763854294 763854269 763854253 763854284 763854274 763854297 763854294 763854253 763854286 763854259 763854249 763854288 763854243 763854264 763854284 763854294 763854298 763854268 763854288 763854249 763854288 763854299 763854294 763854252 763854270 763854276 763854267 763854273 763854277 763854282 763854245 763854285 763854275 763854278 763854252 763854291 763854280 763854291 763854250 763854269 763854254 763854294 763854251 763854254 763854290 763854269 763854250 763854258 763854273 763854252 763854258 763854282 763854268 763854300 763854266 763854241 763854276 763854298 763854265 763854300 763854290 763854266 763854287 763854294 763854288 763854293 763854270 763854265 763854263 763854282 763854242 763854275 763854275 763854287 763854274 763854254 763854242 763854257 763854260 763854285 763854296 763854271 763854245 763854256 763854264 763854258 763854286 763854288 763854266 763854278 763854296 763854281 763854300 763854245 763854241 763854250 763854286 763854243 763854273 763854276 763854297 763854268 763854247 763854244 763854295 763854274 763854245 763854272 763854265 763854262 763854263 763854290 763854272 763854291 763854276 763854281 763854245 763854283 763854255 763854250 763854257 763854261 763854287 763854268 763854254 763854261 763854300 763854260 763854251 763854287 763854264 763854250 763854280 763854248 763854291 763854278 763854264 763854287 763854272 763854253 763854241 763854282 763854241 763854273 763854268 763854298 763854279 763854252 763854258 763854283 763854276 763854273 763854284 763854257 763854251 763854250 763854243 763854296 763854255 763854261 763854273 763854289 763854292 763854262 763854287 763854275 763854300 763854259 763854257 763854263 763854243 763854299 763854273 763854276 763854264 763854271 763854292 763854244 763854274 763854245 763854291 763854276 763854281 763854268 763854299 763854284 763854246 763854253 763854282 763854289 763854286 763854251 763854292 763854290 763854267 763854293 763854270 763854295 763854285 763854262 763854250 763854245 763854251 763854272 763854297 763854280 763854276 763854298 763854264 763854267 763854282 763854289 763854300 763854272 763854266 763854252 763854299 763854249 763854246 763854256 763854260 763854285 763854261 763854276 763854286 763854284 763854279 763854253 763854270 763854242 763854251 763854264 763854280 763854241 763854275 763854255 763854258 763854259 763854287 763854252 763854253 763854273 763854262 763854279 763854246 763854298 763854271 763854286 763854286 763854245 763854274 763854256 763854267 763854246 763854281 763854279 763854245 763854245 763854255 763854296 763854245 763854268 763854252 763854248 763854294 763854300 763854287 763854289 763854243 763854243 763854263 763854293 763854274 763854261 763854282 763854275 763854252 763854286 763854265 763854247 763854286 763854290 763854270 763854294 763854278 763854246 763854241 763854293 763854260 763854280 763854248 763854281 763854241 763854283 763854262 763854285 763854248 763854284 763854276 763854285 763854296 763854246 763854271 763854295 763854279 763854275 763854275 763854249 763854278 763854241 763854299 763854278 763854298 763854254 763854275 763854247 763854265 763854292 763854253 763854244 763854291 763854286 763854280 763854253 763854246 763854257 763854288 763854274 763854266 763854271 763854256 763854271 763854281 763854288 763854287 763854268 763854268 763854292 763854276 763854273 763854248 763854266 763854278 763854248 763854287 763854256 763854248 763854246 763854292 763854244 763854285 763854294 763854262 763854245 763854257 763854251 763854270 763854273 763854259 763854248 763854253 763854256 763854285 763854247 763854247 763854255 763854279 763854263 763854254 763854262 763854245 763854292 763854259 763854241 763854300 763854259 763854291 763854280 763854265 763854272 763854256 763854287 763854250 763854274 763854290 763854243 763854250 763854278 763854295 763854283 763854277 763854265 763854295 763854248 763854250 763854257 763854245 763854297 763854280 763854248 763854252 763854263 763854278 763854269 763854290 763854262 763854243 763854281 763854300 763854283 763854262 763854287 763854256 763854288 763854291 763854245 763854274 763854255 763854276 763854265 763854256 763854263 763854260 763854300 763854258 763854294 763854252 763854254 763854291 763854261 763854241 763854276 763854246 763854287 763854247 763854253 763854285 763854274 763854242 763854261 763854253 763854284 763854256 763854285 763854284 763854259 763854288 763854257 763854250 763854286 763854245 763854269 763854269 763854242 763854263 763854289 763854298 763854278 763854241 763854257 763854273 763854251 763854286 763854257 763854280 763854284 763854269 763854266 763854244 763854271 763854285 763854295 763854275 763854291 763854273 763854245 763854265 763854276 763854253 763854252 763854287 763854262 763854247 763854300 763854275 763854255 763854259 763854276 763854293 763854272 763854283 763854278 763854279 763854267 763854296 763854257 763854255 763854280 763854263 763854250 763854260 763854288 763854253 763854244 763854293 763854260 763854287 763854300 763854257 763854248 763854287 763854265 763854276 763854293 763854281 763854261 763854264 763854254 763854259 763854274 763854277 763854264 763854286 763854242 763854278 763854294 763854249 763854296 763854278 763854262 763854241 763854292 763854260 763854258 763854264 763854287 763854250 763854244 763854250 763854256 763854290 763854278 763854292 763854249 763854289 763854298 763854276 763854248 763854274 763854255 763854262 763854274 763854289 763854263 763854276 763854259 763854261 763854291 763854243 763854300 763854249 763854278 763854276 763854288 763854244 763854262 763854284 763854252 763854261 763854242 763854292 763854275 763854264 763854258 763854275 763854254 763854262 763854242 763854286 763854253 763854241 763854243 763854291 763854252 763854245 763854276 763854275 763854263 763854297 763854262 763854246 763854279 763854268 763854293 763854251 763854299 763854292 763854261 763854241 763854279 763854255 763854258 763854263 763854244 763854297 763854252 763854285 763854258 763854279 763854267 763854281 763854249 763854243 763854249 763854267 763854261 763854290 763854283 763854270 763854246 763854248 763854248 763854256 763854268 763854268 763854250 763854242 763854299 763854269 763854278 763854257 763854277 763854258 763854276 763854282 763854284 763854275 763854257 763854259 763854256 763854297 763854283 763854256 763854271 763854294 763854249 763854276 763854267 763854295 763854268 763854265 763854258 763854292 763854244 763854255 763854247 763854251 763854261 763854245 763854291 763854242 763854294 763854258 763854244 763854289 763854265 763854261 763854253 763854245 763854292 763854298 763854293 763854243 763854261 763854288 763854255 763854253 763854296 763854281 763854284 763854300 763854280 763854264 763854289 763854260 763854294 763854294 763854265 763854264 763854266 763854288 763854256 763854287 763854287 763854287 763854283 763854272 763854255 763854257 763854285 763854275 763854277 763854289 763854283 763854293 763854250 763854247 763854293 763854260 763854260 763854262 763854275 763854253 763854266 763854284 763854282 763854256 763854274 763854241 763854260 763854252 763854269 763854268 763854287 763854276 763854283 763854272 763854259 763854275 763854300 763854257 763854299 763854285 763854300 763854273 763854260 763854252 763854292 763854291 763854274 763854284 763854299 763854299 763854265 763854263 763854270 763854268 763854241 763854261 763854248 763854276 763854274 763854277 763854247 763854284 763854281 763854258 763854277 763854254 763854257 763854283 763854272 763854269 763854259 763854260 763854286 763854288 763854283 763854246 763854285 763854247 763854241 763854276 763854256 763854281 763854241 763854268 763854261 763854280 763854262 763854254 763854289 763854268 763854275 763854257 763854291 763854280 763854265 763854300 763854297 763854256 763854290 763854279 763854281 763854257 763854242 763854283 763854258 763854268 763854293 763854285 763854277 763854300 763854294 763854284 763854248 763854287 763854263 763854270 763854278 763854284 763854278 763854275 763854268 763854300 763854285 763854267 763854293 763854261 763854263 763854290 763854280 763854246 763854273 763854283 763854285 763854286 763854251 763854286 763854288 763854264 763854300 763854281 763854282 763854268 763854281 763854284 763854253 763854277 763854259 763854269 763854300 763854261 763854256 763854244 763854253 763854300 763854290 763854248 763854250 763854266 763854276 763854245 763854249 763854244 763854243 763854279 763854271 763854299 763854254 763854270 763854260 763854265 763854298 763854272 763854270 763854241 763854287 763854252 763854289 763854291 763854249 763854247 763854294 763854298 763854264 763854254 763854277 763854285 763854277 763854257 763854285 763854283 763854259 763854299 763854244 763854254 763854286 763854260 763854256 763854300 763854243 763854297 763854247 763854281 763854242 763854256 763854287 763854258 763854251 763854273 763854283 763854254 763854258 763854254 763854245 763854243 763854287 763854292 763854283 763854294 763854294 763854271 763854246 763854280 763854276 763854278 763854241 763854253 763854268 763854273 763854282 763854253 763854251 763854261 763854272 763854262 763854281 763854288 763854292 763854260 763854293 763854270 763854268 763854285 763854261 763854289 763854263 763854281 763854268 763854242 763854294 763854254 763854266 763854293 763854281 763854289 763854255 763854281 763854280 763854252 763854272 763854250 763854275 763854294 763854245 763854281 763854267 763854247 763854297 763854268 763854294 763854241 763854290 763854279 763854267 763854284 763854282 763854292 763854251 763854266 763854291 763854296 763854281 763854280 763854267 763854248 763854283 763854299 763854245 763854257 763854250 763854244 763854298 763854260 763854270 763854244 763854289 763854270 763854296 763854252 763854264 763854249 763854275 763854275 763854300 763854245 763854244 763854279 763854277 763854244 763854289 763854300 763854256 763854275 763854269 763854293 763854263 763854274 763854258 763854245 763854280 763854296 763854246 763854295 763854243 763854293 763854275 763854290 763854279 763854255 763854280 763854282 763854249 763854245 763854257 763854249 763854269 763854287 763854251 763854283 763854247 763854248 763854253 763854298 763854255 763854297 763854264 763854271 763854286 763854269 763854280 763854275 763854278 763854264 763854241 763854243 763854262 763854279 763854267 763854257 763854272 763854263 763854286 763854280 763854245 763854278 763854263 763854256 763854276 763854293 763854284 763854295 763854247 763854288 763854276 763854265 763854253 763854257 763854285 763854245 763854258 763854268 763854269 763854254 763854263 763854256 763854249 763854259 763854287 763854285 763854273 763854291 763854247 763854269 763854242 763854254 763854262 763854271 763854270 763854266 763854290 763854299 763854284 763854295 763854265 763854272 763854257 763854280 763854253 763854260 763854256 763854271 763854293 763854300 763854291 763854273 763854241 763854261 763854284 763854259 763854254 763854284 763854261 763854278 763854244 763854258 763854300 763854248 763854294 763854261 763854248 763854261 763854277 763854257 763854278 763854271 763854270 763854272 763854256 763854286 763854259 763854267 763854242 763854270 763854262 763854271 763854272 763854292 763854242 763854297 763854273 763854260 763854276 763854278 763854279 763854277 763854283 763854300 763854285 763854255 763854272 763854295 763854244 763854272 763854275 763854272 763854246 763854292 763854244 763854293 763854242 763854266 763854260 763854243 763854277 763854276 763854277 763854267 763854263 763854267 763854289 763854246 763854284 763854264 763854244 763854289 763854296 763854260 763854289 763854254 763854244 763854246 763854289 763854253 763854298 763854243 763854255 763854267 763854276 763854285 763854289 763854274 763854257 763854273 763854294 763854275 763854267 763854275 763854283 763854271 763854300 763854270 763854270 763854251 763854242 763854273 763854246 763854300 763854271 763854244 763854276 763854292 763854249 763854257 763854287 763854291 763854250 763854275 763854270 763854262 763854265 763854254 763854272 763854280 763854291 763854257 763854247 763854264 763854300 763854298 763854254 763854288 763854300 763854290 763854278 763854269 763854290 763854259 763854290 763854260 763854276 763854252 763854255 763854246 763854292 763854268 763854288 763854293 763854289 763854279 763854258 763854274 763854268 763854263 763854290 763854285 763854248 763854293 763854258 763854256 763854266 763854294 763854252 763854284 763854285 763854254 763854256 763854270 763854272 763854292 763854244 763854264 763854247 763854272 763854283 763854249 763854254 763854292 763854251 763854272 763854298 763854259 763854257 763854270 763854245 763854245 763854286 763854287 763854242 763854273 763854248 763854257 763854271 763854278 763854285 763854273 763854277 763854278 763854272 763854244 763854264 763854266 763854273 763854299 763854281 763854280 763854262 763854248 763854246 763854252 763854253 763854283 763854257 763854247 763854275 763854290 763854268 763854299 763854296 763854277 763854263 763854273 763854288 763854242 763854246 763854290 763854271 763854254 763854244 763854299 763854286 763854262 763854259 763854288 763854244 763854264 763854248 763854257 763854294 763854283 763854252 763854288 763854252 763854290 763854266 763854244 763854262 763854262 763854266 763854253 763854288 763854263 763854298 763854286 763854246 763854279 763854267 763854290 763854252 763854256 763854252 763854287 763854242 763854257 763854279 763854282 763854294 763854252 763854259 763854241 763854261 763854255 763854244 763854280 763854298 763854242 763854250 763854241 763854276 763854270 763854250 763854268 763854278 763854290 763854299 763854295 763854242 763854257 763854259 763854250 763854271 763854253 763854243 763854292 763854293 763854271 763854266 763854249 763854273 763854265 763854283 763854275 763854287 763854298 763854279 763854265 763854290 763854262 763854296 763854254 763854283 763854271 763854264 763854270 763854255 763854285 763854258 763854256 763854248 763854255 763854296 763854251 763854288 763854291 763854248 763854266 763854290 763854254 763854284 763854248 763854291 763854294 763854245 763854244 763854258 763854286 763854271 763854245 763854285 763854281 763854264 763854271 763854286 763854272 763854241 763854241 763854298 763854296 763854256 763854242 763854257 763854273 763854276 763854264 763854276 763854265 763854263 763854295 763854258 763854245 763854271 763854267 763854283 763854263 763854246 763854253 763854276 763854279 763854299 763854246 763854285 763854266 763854266 763854249 763854294 763854273 763854279 763854244 763854255 763854279 763854276 763854255 763854300 763854267 763854282 763854273 763854293 763854251 763854257 763854285 763854247 763854277 763854289 763854282 763854277 763854244 763854281 763854271 763854300 763854259 763854252 763854284 763854288 763854270 763854299 763854247 763854257 763854283 763854276 763854260 763854258 763854254 763854298 763854289 763854245 763854258 763854279 763854275 763854281 763854282 763854253 763854247 763854243 763854280 763854297 763854277 763854274 763854298 763854275 763854273 763854283 763854296 763854292 763854253 763854257 763854255 763854258 763854265 763854298 763854269 763854291 763854275 763854272 763854294 763854259 763854295 763854273 763854241 763854298 763854280 763854248 763854249 763854283 763854293 763854297 763854272 763854267 763854297 763854261 763854264 763854242 763854256 763854247 763854245 763854241 763854299 763854257 763854300 763854259 763854251 763854273 763854271 763854273 763854275 763854256 763854254 763854273 763854262 763854278 763854264 763854287 763854286 763854284 763854264 763854271 763854248 763854257 763854252 763854300 763854293 763854242 763854250 763854252 763854278 763854242 763854286 763854266 763854277 763854246 763854281 763854246 763854278 763854286 763854281 763854269 763854287 763854278 763854295 763854278 763854272 763854262 763854243 763854282
2 2078
1526 1527
227 113
3676917 1226
7971803 2657
3835278 1278
338519 372
796356 1865
263964 339
3494848 2578
148 1
5809439 3360
5922785 3088
807821 299
2129584 3045
7324962 2463
4554197 2091
1510978 1677
973786 1745
2 1872
1091 1091
3935 1968
1760414 587
3447209 1149
5505443 1834
7621920 2844
1519031 668
1155191 1655
454123 153
634331 459
895705 499
626897 1923
4072069 1469
5660989 2960
764200 2311
6325451 2291
7933055 3396
343431 2815
1 1000
128 66
1368 684
3817726 1273
7515001 2505
3580282 1193
5650399 1923
887880 2114
526018 941
2855876 1375
280376 1328
279359 237
1571009 2761
9143054 3063
4491878 1909
1993010 992
2743800 3474
5267765 3005
3080849 1786
2 1536
4085 2601
8228 2909
1802399 601
5507999 1836
10491497 3496
1341211 758
5713951 2889
1376284 1393
164655 251
3389601 2230
1083518 488
298347 411
421200 675
182714 937
231673 591
493873 713
343748 2191
6489860 2290
4 3019
3395 3394
9341 3494
10470144 3491
2268000 756
5443813 1814
1942851 1586
1641936 1249
958205 642
4857708 2554
3699083 2194
4186687 1743
571099 511
580924 640
8260335 3123
801599 400
1310985 3182
485112 971
48203 192
1 1192
1556 1557
4927 2463
1238966 413
3339233 1113
6804730 2269
2 1938
7304999 2435
184159 2302
345638 151
8946016 2983
6417360 2971
2525493 1032
2798 1385
1620560 1724
1281 1282
3 2238
3410921 2536
751 354
712093 769
3993052 3197
14451 78
8934654 2979
2214528 738
2551 2550
1979339 660
2545 2545
1354244 3295
3 2931
5 3084
5972 2151
3271 126
951279 467
1146472 382
1534390 1644
3822589 1386
1956241 1881
273578 3342
2823305 941
306763 427
4373351 1588
3225116 2964
1778657 1474
152508 537
1544290 1111
3552 2589
1474309 594
4443 1865
4891629 1630
1 1695
690915 1714
720239 240
3454 130
3331316 3445
3603114 1556
558667 369
1510707 535
6912000 2304
42597 36
1811653 2455
519136 408
81691 3059
1503980 556
869466 1846
3464762 1841
2121149 2641
165184 1396
949 950
7251646 2417
4034 2022
5995474 3327
151550 350
9411000 3137
4035724 2725
5063599 2277
3174435 1749
5611585 2112
5637441 2528
3263787 1109
1730214 3222
7885621 3060
1861047 796
4 1194
2934216 996
4503 2473
2 1962
9314565 3110
909256 3342
281957 529
1569 577
6309001 2103
670481 562
8642881 2880
692813 1516
3253 1627
314837 2843
5414 2707
2771755 1866
640528 532
195451 368
6534165 2639
419217 788
5185215 1953
920276 644
270750 285
9810 3414
1005324 335
967445 639
1106684 369
6734244 2244
99759 580
42810 31
1845036 1430
6244230 2577
37659 1982
3615708 2459
3170990 1693
1291770 1923
5790646 2758
883396 2552
1292205 625
943884 368
3594855 1576
2144 1072
815 814
3788317 1262
5159862 2534
1138656 696
213776 124
3429893 1143
1899436 1250
151717 73
4277293 1428
2496133 1272
960549 488
4377 2188
176 176
929253 967
7443638 2481
8945298 3162
8035714 2679
2338346 1947
4049832 1350
1818073 3012
42899 22
242109 113
2391179 2079
4364218 2108
38072 363
4749904 2210
3462376 1885
1 2544
807037 2978
4583825 2551
2581 1620
3053 1526
8 1615
566999 189
1891981 1371
1308915 718
2277 1138
592251 1507
368139 123
1850383 617
1186523 2757
5258212 1753
1758 1759
2891 2892
8190177 3376
1650502 1570
5860 2913
2466 2467
6149363 2901
8829262 2943
675480 1732
5931029 2778
5877 2938
2124 1052
369603 2527
6241 3120
17612 21
3782445 1760
655929 515
815031 745
4709892 1995
5716660 3111
2913911 1001
1229250 2235
462636 2556
3769561 3330
2771558 1517
1153978 867
3577455 1385
2508678 836
1 2799
216884 285
525959 2435
8912286 2969
7825 3236
398007 169
4132773 1901
767010 717
7077819 2359
2 1603
2000921 1167
29 1864
2110909 1682
5927 2392
3955318 1318
1253771 1269
8246224 3416
2816029 2910
2 2514
1540897 2586
6010181 2643
6398530 2132
6914616 3404
3993270 1331
1989 761
896986 348
1391803 464
7426 2802
5449599 2539
3754951 2033
1396944 2616
621207 207
6554184 2184
6457029 2152
7102057 2472
1164187 388
2376227 2974
5240865 1995
2884522 1679
1868483 847
6084 2970
8896849 3050
4708837 2526
3089484 1187
4517999 1506
1886 943
1 1726
5827219 1945
1206672 3100
1352085 1659
2037379 679
1439520 480
1940 1040
1075080 408
2504164 835
8895001 2965
3803261 1588
243460 213
6700184 2693
8540 2927
4321621 3435
621207 207
1161612 2401
1253441 728
7637546 2545
1508647 3449
2616 2617
7092699 2973
2666489 2123
776742 259
80 80
4223 2111
8351233 2783
5324484 2316
2378039 3129
41994 14
1435116 2959
32115 17
8726909 2908
2294336 1108
5055 2528
4333715 2893
210696 109
8658113 2887
1 2396
10392462 3463
4124546 1375
780493 2593
6018364 2088
5253845 1946
1280557 613
220970 1163
2938 2937
336111 112
2914576 3437
1848890 939
9377872 3127
539665 1014
7866699 2999
5938416 2215
4812 1855
3283095 1094
2157148 1143
1963821 745
5126353 2926
1656000 552
2004507 2137
2017034 897
83133 251
6354485 3118
2177274 726
6335610 2345
5769 2885
321089 587
39600 720
8557884 3204
5515559 2966
8585862 2861
7635449 3270
10221379 3408
3000965 2419
932623 3467
378597 2068
52745 298
3792204 1998
4306663 2766
8902275 2966
1486 519
6506168 2168
6042607 3058
9615927 3204
706953 1368
669312 896
1353438 451
1012663 1974
9420138 3139
4491 1593
444000 148
738228 246
2 3374
398136 212
544047 1330
57020 19
5062288 2156
2260315 1433
1 2581
1308 654
2328541 1970
7896532 2633
9775659 3259
6368271 3091
1913336 2753
3599728 1991
2194384 3234
321840 1788
7422825 2541
6663754 2881
4127012 2220
6770385 2790
50820 21
1830609 610
2439 1898
2748496 2428
1 1892
1924 1163
4149143 1965
7582618 2528
5841047 2446
4177608 1393
5201739 1790
1086135 362
2757864 2255
3080413 3059
2137555 2682
3341632 1802
2784118 1417
4272 2067
4082395 1381
7990826 2927
3837 1918
5929098 2058
8549940 3393
2174087 1543
5085001 1695
188613 81
189033 94
1185 1185
2163439 721
569414 319
154474 151
36393 13
118332 114
3402573 1532
1301861 547
997 996
2823156 2099
246588 773
794735 265
1736593 1716
5882999 1961
5155719 1718
198207 1304
4883431 1680
6703828 2924
1573051 676
33 2541
4365600 1605
2498990 1353
5196 2061
858863 615
2898000 966
2979629 2308
5179272 1727
1634 1635
458854 787
766326 1015
4267028 1422
2660650 2226
8316227 2773
4438839 2797
137520 2491
1694847 957
1277 1278
5778 2069
1075571 828
5713903 1904
176514 62
379801 180
7268 3337
5126197 2867
222001 74
7390536 3157
855725 2708
6806879 2522
431416 1981
4145670 1382
4599882 1693
1140323 391
5120909 2362
1932 763
6870000 2290
3946639 2813
5514601 2730
3255 3256
5029418 3434
1548852 1149
5702541 2390
937 469
1903839 2336
2020940 2731
7539926 2513
765072 924
145595 3309
3861 1502
592758 1778
719 720
1832219 870
4285819 1694
6788261 2262
2300746 815
10434478 3477
1 1527
283420 249
289891 651
1 2281
4882627 1627
518584 332
777793 451
6683352 2418
4405126 1468
4847249 2875
464069 682
5024324 2161
8833689 3044
6082740 2876
185711 77
2075127 791
4604313 2157
5029339 3017
4318478 1991
5977825 2559
3471596 1721
6664 2735
2394361 1620
633472 2935
4967130 2289
6066978 2023
263919 2857
7292361 2449
6655283 3006
1572647 2442
553695 1573
2028053 907
52640 39
5862004 2712
1149 1149
7769999 2590
6109923 2038
176625 664
3481 1740
6310970 2645
5943001 1981
1 1309
6157827 2053
61916 2692
729242 243
22323 326
2594511 2122
2713119 2120
5581441 2907
7109872 2809
3177 3178
6 3488
2897415 1362
561660 1265
4135 2513
3175526 2032
2 2623
1798530 2671
49656 24
4619 2
6815 3407
3562186 1187
4032619 1630
4620409 2301
7671443 2558
5721112 3341
630871 2354
5484 12
1985047 1057
1036340 2197
3707045 1323
1 2525
4113 2056
1457984 608
4694053 1892
565973 677
2547234 2192
5300485 1766
396241 3302
1130807 2164
6170 2086
9464844 3156
5496 2748
6822681 3035
2558147 853
5234756 1749
4654941 2040
798626 385
7253947 2804
152059 607
4952696 3304
6219025 2324
1604571 1006
1617540 539
2622166 874
4737012 2968
691 346
311 155
1167609 1979
144013 916
752 753
2160298 2515
8349 2889
10194397 3397
2 3443
8601825 3491
1177739 810
8403001 2801
4256 2128
8205354 3309
3221 1610
4101591 2899
1788949 1052
5550386 2142
7053991 2513
1227111 1954
1240435 1674
2899455 2637
1348 1349
10788 1798
1416285 556
1485 1486
215263 112
528353 869
3530579 2705
6887295 2295
2346 1173
671395 2074
165273 1975
2105200 950
1584668 2011
6318711 2105
3681262 1227
1433118 1047
4871731 1628
382250 1529
8569799 3174
3330001 1110
1626 1625
144493 2830
764632 371
2276 1028
367641 2626
638053 1571
4008479 3360
1807469 1510
5357089 2937
1530001 510
1 1881
416932 139
1149697 1996
3659395 1220
468 469
2173809 2984
1 2839
461433 2107
5135328 3242
2444119 2117
8098 13
109295 48
816776 386
6095237 2526
1832496 1277
3919766 2210
5343318 2357
2704206 3256
1806411 602
2134271 2147
2442366 2976
2130610 2770
3612081 1304
1052925 1515
49848 73
2230 2229
467209 592
4289623 3023
376272 2613
5633765 2907
2682083 2399
897447 361
201905 84
1268675 2764
8322 2950
43474 1175
4158948 1726
647684 2088
4697084 1589
5866297 3337
8591583 2883
4441 2220
4023 1841
1 2693
3153829 3059
759332 381
8624672 2874
699 700
4545 2272
3309260 1103
8708901 2902
2302 2302
4974317 2202
397375 935
4108920 2118
3742248 1247
643187 399
5538 2769
5631001 1877
5344351 2255
7405461 2614
6688457 3002
355562 3323
3542808 2989
3090092 1030
4167 2083
119623 346
3622282 1703
6624656 2207
8883824 3213
38 19
431018 2056
4254920 2577
18674 84
4429706 1811
530179 2513
6 2540
4079 2477
2298463 766
5811000 1937
4872475 3166
218172 125
7241911 2995
1474650 870
1646450 1105
1132200 1800
3051961 2593
104482 2223
4949664 2843
2350080 976
5579256 3052
4135344 1616
226 227
7031999 2344
6623 3311
2723661 1103
5238803 2713
2405349 2868
4813603 1604
1481440 1576
2572 2573
8436465 2812
2719546 2426
918681 1351
3266813 2471
3333777 1499
7012469 2921
5054125 1685
5180 2588
8117 961
9397842 3131
4938 3165
4904723 3054
162054 54
2858640 2064
1120657 383
193052 279
1929157 1293
5548133 3131
1359288 651
1146724 672
1179 1180
1784 684
935361 2528
2430801 1475
1511347 2283
1118796 2103
3 3060
528891 1457
6296774 2099
2272745 3260
2937717 979
2366210 789
4755873 2596
5273071 2047
1 2385
110161 85
7654547 3378
4699665 1629
8185859 3348
1556887 843
467881 156
3597150 1199
134343 207
2168956 921
1466512 489
548 547
769613 1554
7748999 2583
3331496 1451
6413831 2748
1560047 1109
3242197 2034
2769504 1327
1 982
3304677 3011
480509 481
1817904 2904
3014131 2246
8447008 3217
3374 3373
1 2131
5044434 2255
6946910 2498
1345004 615
1833 917
2245735 3222
1545635 604
960688 2093
3138667 1227
2209238 1446
529 265
1593277 1942
348 347
4292107 1430
4983 2491
9087000 3029
7776740 2592
3262979 2558
6755 2387
3259833 2026
383111 398
4244103 1414
10053972 3351
5011231 2386
5923115 1975
585399 337
6751382 3073
2492704 2271
6484698 2162
541619 612
492 491
7400848 2737
9371423 3124
2482 2481
4500112 1771
2487857 1832
1750630 956
1 2420
3558769 1670
9042013 3013
1115661 624
9054018 3017
3756060 1252
873054 507
5192100 1923
2519777 1607
7481494 2493
1741 1392
6690942 2696
4238262 2412
8139345 2712
673225 545
6667 2615
1804891 691
1040766 1397
7262 3164
45839 406
7380961 2794
9016903 3357
2 2171
6812946 2502
3467 1733
4830000 1610
7026656 2343
9620803 3208
33010 11
6120 2553
4949588 1650
6387871 2130
453698 436
4855 2427
2790612 1782
150139 1230
27795 209
5960397 2158
5397 2698
2634670 1943
2 3454
2 852
689 689
4599 2299
3625660 2678
959754 470
4500455 3156
128958 43
5039567 1679
4442411 2579
1763399 1804
7255277 2939
3555001 1185
3627259 2284
1543524 1172
7347780 2474
1980712 2179
3601832 1975
3833173 1764
2142715 714
850483 2554
259775 1804
250 250
4941269 1647
1939 970
1371160 1476
526727 741
3800 2418
400460 1000
3784955 1371
1217958 3131
816960 592
1406 1407
9366001 3122
284 285
3240508 2092
927164 2868
3493835 1165
6600065 2293
2603574 868
14684 130
1188808 3122
2951117 984
6788999 2263
5079000 1693
1096297 2082
4576474 1526
3085857 1168
6044014 2014
1034552 441
1344623 3084
2019092 1714
3324666 3039
7398599 2950
477823 821
684421 510
430040 1654
5280001 1760
3230879 2540
1294202 2366
233057 1074
906 905
5925424 3184
3340 1745
2922295 3279
3914130 3383
2988817 1704
3601899 2948
2 2442
6103124 2325
1533 767
1 2503
2 1216
3218144 2144
3280802 2522
1603687 1720
3526175 1175
7242042 2526
2163 2162
1071000 357
772318 861
6428058 2702
1219504 451
2199606 1312
687139 229
1842444 2517
7104163 2368
1695551 2222
938350 2450
126149 1034
1756860 1645
4007393 1352
3840019 1623
186564 70
824825 728
2942273 2966
2783055 961
9077972 3027
5825 2181
1713063 1607
4 826
5223 2611
2832885 1067
678209 481
795745 1842
1651 1652
1087620 2375
765948 2697
1417447 1304
2679219 893
1176000 392
8731410 2910
8253080 2763
2341 1171
1378809 1594
10299967 3466
1244427 1602
2212 2213
5 3451
4491071 2712
286765 3117
3113 1557
410 221
179394 2062
1800567 600
3408637 3162
192 192
246897 102
472477 778
1142018 2091
941841 488
6 2316
1036891 1405
5591040 3120
1902585 900
4709999 1570
982632 1703
7212622 2780
3765 3366
3268626 1349
5426761 2134
807272 286
1880486 1197
2012408 671
3 2601
3909817 3148
1882102 668
6804612 3155
45382 21
3016425 2775
4538779 1982
3730380 1403
1045966 704
1031274 2162
6449728 2150
6222174 2487
6364599 2200
6935 3112
5537 2769
573040 551
1230459 947
2656470 1095
2448549 1591
260376 185
7635950 2546
2977 1488
5838001 1946
275 276
3090 2082
1974658 658
3883929 2950
921526 307
662459 468
330704 242
784169 268
7982999 2661
2822819 1540
1300625 592
7314365 3115
430623 369
821496 831
85401 61
1960637 754
7862975 3212
2923609 1185
350739 157
1 2437
4469 2235
486321 162
986609 1165
433871 2018
2838907 1021
2202683 1517
4096634 1366
448 254
1118310 2857
3541 2718
2253750 751
1250785 1616
1664634 995
438731 333
2487777 2961
1772482 1085
920855 2015
7979616 3296
1 2199
381 191
1928508 693
1442 1443
1 2287
1353025 1016
347311 2661
3151234 2145
149601 3400
10064527 3354
6323332 3309
4156206 2492
1810314 902
8969296 3212
1475227 1002
158633 530
2638 1319
4193573 2233
578694 2498
2030583 2789
2 2274
789749 716
1562 1562
4574257 2142
4757756 2074
273741 2407
715 1
7803000 2601
4072736 1357
404017 912
1188 928
6404709 2470
82365 118
1464063 3368
6948868 3413
3409015 1667
494404 1568
1877427 712
3513118 1832
980420 3279
3166966 2868
1779506 1031
216131 2324
2000696 962
240001 160
1 2706
3677867 3413
6066978 2023
1432175 2482
6048 2920
2395923 2929
96525 33
4499294 2879
5764950 3450
4547737 2988
3209199 1808
1373543 458
3536653 3399
248 248
1813 907
4418819 2338
2342864 809
4722497 3366
163076 593
3069 3068
668135 492
2239417 3274
2786253 1781
1315 1314
4212567 2586
844201 700
7421999 2474
4920992 2079
1499283 2554
72010 24
3459 1729
17 2837
4298701 1632
5448388 1815
1 2120
6312674 3459
1907808 714
9182939 3062
4969701 1731
4435568 3083
3272941 3132
4853169 3117
663575 1397
5628641 2216
4696565 1565
8482416 2928
3198803 3164
1 1155
4061185 1922
765878 516
4563271 1521
920670 934
9590987 3197
1176365 1214
276830 1600
1656127 552
6471037 2157
8488484 3155
2100827 1296
8519838 2839
8861580 3276
1 2517
3593269 2037
5124343 2261
2100139 2731
1112919 795
2978 2979
3411684 1746
7124594 2461
3374153 1125
726388 508
335000 2680
4183981 2036
400629 1519
7634219 2690
1047479 602
5262988 3315
202079 143
1 1640
164 165
5765507 2051
6212262 2954
383427 1411
1029503 672
1006044 961
2240226 782
7708267 2598
9950070 3315
2515304 1956
3981001 1327
3717387 1576
6743088 3267
1 1546
11 538
1 977
6537 3268
10816 401
1535311 1336
2011910 1487
3234900 2460
4363588 2911
366116 122
3575808 1552
3 1752
7608000 2536
7262999 2421
2495183 1816
5171 2586
1414032 2648
4025007 1924
3246452 1737
2246510 2345
4146 2073
1493366 584
2302098 2527
5373001 1791
746323 622
389895 598
8477860 3110
1132 1043
1680388 805
469083 3046
6598715 2200
2384 1014
5801 2901
4249448 2294
1 2138
3666996 1332
5332373 2312
3721239 1240
9546918 3181
4587037 2239
259377 382
1892826 1402
3040359 1141
1156399 2450
4894650 3285
2 2201
4164027 2687
1724 1723
3197999 1066
891702 1744
4627476 1542
534000 178
503557 1034
7576299 3364
3111 1555
8198680 3263
9542056 3180
3374765 1797
7548484 2517
936993 473
1993475 2812
2 1390
8421925 2807
341173 1906
375240 125
4484519 2726
1 1973
4493892 2327
1813427 1566
2315126 2239
154939 62
4054925 1645
4812531 2262
2658887 886
8234890 2745
1307846 473
6098031 2032
8676001 2892
802003 766
1796482 2874
8187986 2730
6643906 3251
7848 2655
1273096 1042
1970 1970
945218 586
1886237 1793
8601131 2868
7625272 3386
5775416 2015
642830 244
4231841 2487
5801007 1960
5195489 1731
1086730 1090
7992334 2665
1 2812
8527252 3111
2097341 1726
680399 900
7229062 3277
3597866 2093
281454 1555
36801 25
6833276 2277
3801400 1267
689000 3250
316389 437
987936 713
7789991 3126
1381031 763
5209114 2100
2722492 1539
4541652 3258
5936999 1979
6827907 2275
324956 3028
1233059 539
4742695 1683
3759948 1434
9343870 3113
425819 235
8671781 3243
426122 191
7588255 3214
6 999
4918360 1640
5812302 2060
1974 1975
2810810 1009
6482159 2160
464222 1713
3292098 1097
7349885 3117
5898442 1966
1788691 3270
1227476 1042
3426 3427
1727635 829
2338560 1792
501976 2231
3942152 2812
360893 923
9368449 3122
3119360 1280
4826378 1646
1770001 590
5559513 3053
840257 341
3761073 2361
290640 595
2657029 1634
851 666
6679654 2789
5246143 3333
1 2964
3124040 1041
4920371 1873
3013976 2996
947143 1034
3543517 2313
2461681 936
7386785 2572
619 310
54000 18
2841800 947
6243567 3163
1 1933
317228 626
8468633 3093
976994 345
1781 890
2942624 2614
3196857 1443
621887 513
2737367 3306
546261 626
1970719 1808
2679199 3400
833653 2573
1359608 1509
7298276 2432
2922000 974
3181085 1633
1655770 2980
5826449 2957
1761 880
551489 1615
6321031 3064
963161 968
4506067 2129
981920 3040
826805 1892
5875591 3430
3647371 1216
5225 1947
1582829 1498
1241484 826
389960 1111
4330327 3234
2749 1374
1 1923
10151451 3384
2612003 1305
638656 1686
3372141 1390
1449484 483
2110 2110
260880 142
4075499 1482
1620000 2250
862991 496
9477889 3159
1477927 3391
6993335 2331
2582335 2813
1 2461
4657 2329
2837750 946
1 1872
1364387 1803
623792 208
4615881 2764
1525679 624
350594 441
8570768 3174
1243485 845
5383795 1794
2030205 977
839588 974
423942 440
1545850 1584
1079 729
1216 1216
1152133 603
2 2220
5963325 1988
1893870 1913
7257111 3048
3053054 1370
973153 2429
3057139 2139
2742 2742
225504 2592
2482336 827
45575 320
10037654 3347
386554 479
8879 3313
3345123 2524
7968239 2790
7452411 3283
2125617 1166
398044 141
522929 1421
2283841 960
1182711 505
1714 684
947649 470
1671580 1183
5174649 1999
1 2738
1743224 3202
7940116 2646
411043 137
1586814 799
1836323 2828
1336394 541
822 823
723267 2926
1030183 1048
2639123 1249
1741949 2450
8651882 2883
1871424 912
881539 1057
1974658 658
4199648 1400
5071086 3457
5847825 2360
5063747 1688
7019340 2339
3658115 1345
6590957 2699
670900 289
899677 421
927795 2163
19 906
2947007 2252
1686763 1386
10482494 3493
5716825 1954
4887937 2069
5521757 1862
5717 3313
4486494 1495
3 2949
687727 3244
106146 355
197335 305
6425 2215
753674 416
2315640 2517
170199 920
1923397 641
1421729 1053
7029001 2343
4657486 3339
1572524 524
6087584 2708
4 2278
1246212 594
3471764 1407
6742 3371
291097 97
2417938 1829
1866 1452
1677899 2100
4 1012
1696 1697
3718591 2000
4053518 2117
8895839 3440
4294567 1432
404 405
3261245 1703
14264 224
4727999 1576
5434254 2142
2750599 3236
4525359 1699
717279 862
2999154 1887
1569523 523
366305 634
6662920 2389
1633010 1775
821304 792
1181005 1609
6366878 2123
261208 170
6494837 2478
1104537 368
3773925 2819
6588883 2861
877586 835
4409150 1469
1839769 1316
4404448 1919
3058 3058
23432 202
7274036 2486
7627620 2667
5733307 2658
1 2757
2212830 1035
116199 2743
4083025 2442
3321 3322
1 2766
2225858 3454
1 778
2543982 1018
4517508 2674
604373 462
411964 240
1135668 879
5177989 2162
3005306 1969
3767826 1646
803731 268
684763 1420
6851423 3103
812525 858
6179999 2060
1513999 2438
4250595 1652
193010 459
1733583 1059
1650485 765
1460 1460
1527000 509
727351 2182
2819080 3275
414000 617
2979399 1621
4805472 3377
8573857 2857
10424994 3475
63003 21
3045000 1015
384301 929
1939651 1659
1509280 2076
3965054 2802
779999 260
2494149 2760
3892124 3257
2956402 3495
3134377 1512
346614 687
1778738 2342
3176380 3295
2550113 1313
5846800 2350
2954999 985
43042 1060
5903063 2533
6217487 2486
7961999 2654
1065163 1569
1 2765
105702 611
7150001 2860
4150823 1783
538751 1250
2327817 1927
1931921 1835
4568407 2834
6803266 2267
1449769 900
1896329 2633
4854000 1618
495329 627
2555 1277
6430884 3255
4993663 1664
1528 1529
2085 2084
5125736 3454
6147000 2049
30162 15
6084300 2386
895681 2799
1432331 1537
6344196 2724
5024954 2497
9437087 3152
1 2155
3663983 1967
82293 28
8825928 2941
1262142 567
2204266 735
4886127 2947
4310999 1437
1727329 1915
726516 2604
1 2765
1079788 491
811751 3247
8012971 2959
5458820 1819
4535 1787
895220 340
2773 2
309044 143
648501 890
1298617 1795
5405973 2908
6403419 2534
1114 1115
2880813 1769
302480 737
5340 2378
4388671 2790
1 1251
2143143 1354
1 2340
360537 482
2990377 1014
999179 1098
3042268 1401
4801843 1601
3708799 1412
2663460 1073
5697 2849
451826 2329
2447999 816
3169529 1170
3792001 1264
8939617 3067
6969677 2324
2983094 3489
297352 682
4378160 1835
2 2904
3599170 2569
1 1627
3833999 1278
2711730 2094
26611 1410
8388204 3498
7887370 2630
1642745 1028
3378 3378
7514905 3235
2945911 1695
265079 2209
753414 398
7611715 2870
10181217 3392
456434 805
2768687 3132
3973262 3171
1519218 1042
3373 1687
7864054 2620
1 2885
3401999 1134
5222303 2192
6165833 2179
21151 15
8611909 2940
1 2627
4832025 2088
1182360 3340
1208 448
1003657 2356
123461 92
1248299 2628
1658 1657
1149282 939
1562609 2079
1653 560
882090 313
2322739 774
366394 635
7712570 2829
4540485 1514
6474082 2244
4590151 2155
3 2877
4747 2374
5618699 2255
2283692 761
1 2026
838531 1331
2 3185
2368297 1016
382701 178
1713977 3122
1 2265
159426 1096
1066222 2276
2312281 1978
3790415 2334
1489084 1729
2262808 2441
4896719 2267
1353729 1339
3683783 2153
891115 1029
3 2187
4492612 1498
204069 1059
3 2286
886 887
8608740 2884
2055471 939
2740794 977
74689 110
5371209 1791
4038 2019
4363545 1455
603000 201
5908508 3299
6992447 2669
3504930 1460
4366730 2127
671299 1975
10114902 3371
1863133 621
544968 522
1237124 452
1236065 684
1629238 562
1404805 779
485297 1419
1 2283
2396201 799
2955 2954
841083 3490
1558 779
156064 53
1193137 1484
2318 2055
42740 1583
5880541 1960
752818 251
1298681 2035
2 3152
3997419 1681
4 1304
8705902 2901
2180655 1236
1537449 634
1573912 2159
465319 1094
1 1897
91603 236
3032083 3014
35 36
1421667 474
6999667 2334
3468091 1645
3063 1531
1504 611
8394813 2799
5432848 2105
4844434 1790
119105 1435
303055 101
1420946 917
6131043 2043
698941 353
371876 124
236288 923
7999295 2928
719760 240
5799 2899
4768523 2636
5271 2769
1487489 2229
956693 466
3271550 1109
67733 118
7726377 2575
4993862 1664
5573 2786
9127121 3349
164077 484
485072 427
2243648 3187
3681820 1682
2384345 991
8957277 2985
1510597 1278
7959218 2653
3163759 2840
6961265 2674
775299 714
6186534 2454
1 103
2202080 2520
2596827 3481
9993330 3330
9450001 3150
4958929 1872
4246680 2469
2886079 1856
4921367 3386
1864 1865
1834 1835
4488258 1957
1 2426
8893173 3105
3630213 2644
1432943 2826
9079130 3389
1 2882
908712 303
1617201 650
3436161 1534
5383795 1794
2391796 797
3346383 1921
6669304 3382
27 23
780214 685
625617 1479
5693329 3312
2290928 1093
1 1247
2712016 904
290188 204
4231734 1411
5109000 1703
1212084 774
2241284 1453
1649790 797
1736314 1865
1456386 1093
4489 2244
5278233 2314
688948 317
5689897 1896
4343332 3435
1 2542
2982447 2510
7678514 2559
10368454 3455
1805631 1268
774395 590
919655 1265
10119001 3373
6876803 2649
2116401 2860
5929453 1976
6989 3494
1959671 1428
10128505 3374
1461537 999
1307431 1314
3 1889
6469152 2407
9956679 3320
5441510 2034
963560 1853
2819520 1056
901191 508
249841 521
3614 1828
2035517 2321
690176 230
2732156 1638
116361 146
2587752 1299
3152 3153
1218 654
244856 254
6622759 2823
3252293 1929
7827216 3355
1801207 726
5722920 3028
3604202 1201
2311 2311
1258384 740
6 2327
1200802 1657
6273 3136
4498182 2656
6333888 2112
3 3381
9451 13
4431052 1904
43330 619
3436146 1145
798097 1279
3425228 3480
3478841 1160
2215 1107
5083621 1930
1297200 1380
3320016 1405
3253551 2019
1760999 600
1409530 470
4224 1466
3338 3338
8918248 3446
4740 1674
2090936 945
5162377 2574
826644 1092
541693 555
3733050 1821
2263536 2858
4690 1811
1895432 724
2 868
2773009 1048
4294421 2829
1736451 2643
1617 794
1 2167
2450 53
926773 462
2892 1881
3496 3495
3830237 1426
4039698 1739
3061871 1411
117071 509
160886 441
347124 1200
9393494 3181
8901033 2968
234035 1188
2918 2918
1099 550
1699190 1269
7279183 2596
2565208 1709
581 582
4618459 1540
368528 327
6238764 2606
231224 2605
1247441 2012
2968142 1881
1223249 875
3601014 1405
1571567 710
6936600 3153
1584518 3113
3421 3421
2999765 1585
972001 324
2180105 3155
336833 352
4347 2174
9984327 3327
6551999 2184
7108078 2705
889148 3442
5836 2489
7790475 3325
1021239 841
26592 1108
1293 646
1428805 559
3037428 1012
1736811 1130
789686 772
7709249 2850
17 2074
3616833 1823
1 1778
2362 2363
6382319 3158
3070921 2355
3662999 1221
7006959 3493
1623707 2438
5389 3034
3620 3223
191935 64
5720786 2069
3660756 3012
1187707 3310
95221 414
5334001 1778
3704225 2429
147615 1318
423 235
1687 1687
3535237 2082
1492855 595
271200 904
4555 2277
4077488 3491
551699 450
4001873 1582
2801719 1780
5439327 1888
2263065 1238
3180197 1218
4916985 1887
3742975 2236
1499701 729
4426470 2055
4 2696
4734366 2639
722722 396
10394999 3465
1202 601
7904382 3185
5429702 2477
662077 389
3012829 1376
2562548 1273
3006934 1002
5282068 2948
858287 286
804 686
4455766 1485
8897862 2966
2422 1760
67 33
8561923 2854
3234317 1078
370509 1934
164358 794
280170 2594
1073993 901
5078137 2663
5464820 1821
3631493 2081
1945320 3016
85176 819
1167888 696
5297879 2703
2730001 910
4527 2903
2159777 1913
1 2549
253455 305
9479839 3161
1949257 2230
3694767 1232
2877038 2495
1206379 715
5038679 1679
5828011 2278
1 2522
824939 275
618606 537
444080 181
2743313 1744
1140931 1919
6945367 3202
796176 513
4 1966
1353637 577
1256928 1477
4581587 2684
1974094 1793
4452139 2695
1754622 1134
5286680 1762
3140612 2788
3709763 1237
1 414
1677587 828
4580866 1527
3406248 2387
6372644 3491
1654841 2542
2841905 1352
6290361 2871
9503047 3166
1455401 1191
2271339 757
8695641 2918
8075685 2691
9502385 3167
106617 119
5215 2607
2619534 993
2402069 2510
8106297 2703
1762666 2248
40 40
747054 389
481 240
1204892 986
580243 212
5001 3340
773 386
8948999 2983
3986100 1935
111566 2105
8243158 2748
7467510 2490
4411286 2108
1779 1779
2686500 1615
7722941 3260
377748 211
1618330 2099
3281 1585
4209177 1403
5504 367
2788738 2498
530400 975
2499271 1598
1889131 2014
2402927 1804
55632 456
5048238 1683
625836 889
913146 743
7552113 2567
3194999 1065
4391700 1464
1518 580
2009775 1714
1467172 1708
1003438 549
2777112 1032
5544112 1848
3306 1653
4024542 2946
7232003 2652
2 2650
4828083 2879
929555 1812
8970588 2989
3898511 1342
977067 2138
3298803 1347
10233000 3411
292284 353
6733427 2652
3292473 3011
724924 981
10494001 3498
447120 1840
1595600 576
429785 215
3836773 1279
1599047 533
1 2965
2140 858
177226 695
404259 1940
60287 96
3909376 2085
116490 116
1716977 956
7764941 2587
258540 465
941584 2608
604703 988
3186659 1670
5080306 1694
280564 123
2525327 1377
1375624 2187
6419 3210
1 2293
9048479 3015
5250450 2958
4750703 3024
3335041 3282
8771550 3300
5754239 2749
2229553 1588
1 2249
1079327 1228
142686 1556
1174 51
485726 359
963 964
40319 1152
888203 296
3369 337
743725 326
1461488 487
8175975 2801
5704012 2229
254031 1910
72688 1652
3857916 1831
2249999 750
1468206 1431
209574 505
4024183 1622
6162801 2480
1597819 1414
3075569 1273
6501 3038
1 2468
3314020 1289
47803 31
7274424 2424
1 1635
3787057 1326
5839647 1947
2104514 765
64966 355
1156766 527
1705481 2646
1174538 477
4706017 2086
3 3222
2140853 3409
2519209 872
1020652 1225
243082 81
1864043 621
240 120
4549517 1516
5353705 1784
3146794 1076
2162375 1834
782145 2222
2083243 1351
2709379 981
2571937 1468
990432 456
903339 310
255430 3115
1200837 1067
6246102 2729
2311787 3018
550024 449
274168 120
686714 271
2765999 922
3789442 2389
3892704 1968
7324603 3122
878 482
481555 703
261922 3139
933647 1272
10187602 3397
1112 556
770973 794
1119983 1150
2022431 2216
2169001 723
1528083 640
3193064 1064
3450952 2454
9820363 3273
5248173 3011
5675440 2440
1084575 3264
171601 975
4 1417
3783000 1261
1724568 689
5338860 1780
570000 190
8291696 2789
7687531 3357
55210 47
5672604 1890
1410516 1458
8375791 2791
5936300 2537
1680719 745
239455 2109
4359023 1453
3864000 1288
7102314 2893
6431880 3255
2487615 2778
1341 1342
443029 155
7117068 2702
1665223 771
1087560 1908
4789245 3178
43585 379
9298145 3116
8110619 3007
3915000 1305
5662 2397
1189 1159
899023 368
249465 173
8260766 2979
121608 155
6983053 2765
720152 1294
10607 102
2825470 2299
4390725 2902
4313716 2333
8402999 2801
762442 1329
9618205 3205
2298159 2498
148105 2244
7930122 2643
3251096 1199
4254912 2136
6588 37
7114617 2370
174831 892
6020 2618
1037315 699
401622 1259
3411 2090
5454492 2773
2736492 2022
3617065 3271
3122622 1060
5507513 2850
189 94
998211 468
482 483
2082145 1886
2336394 779
1764491 2770
8030330 2799
5502527 2624
4269127 3426
5587610 3046
1853387 618
191890 207
308750 1267
1228151 847
6113601 2065
5394465 2709
1949671 783
2431 1270
2841 1420
1406995 469
2070 951
5100809 2706
6624324 2934
897826 1445
14202 27
6925832 3047
6775 2557
7737459 3351
3990000 1822
217393 168
5257359 1848
554834 185
3378 3377
3398094 1132
166771 90
1227070 409
2003976 819
239 239
4027091 1423
521734 2851
5495803 1927
620228 1189
2 1744
425858 142
10240228 3412
745287 387
7098563 3377
96496 74
443852 148
4084360 1361
3925660 2372
261779 209
1533966 1218
5383383 2648
11 3179
126186 1119
465155 155
423871 597
1206849 1707
297928 1437
6733774 2697
140106 114
6387992 3107
6306 3146
596801 199
2072310 691
969004 2631
6673968 3024
6870710 2291
7104001 2368
76734 261
5184346 1797
1798281 3125
3622 3274
2153548 891
10151693 3385
4309436 1436
4 216
8337468 2780
2775400 2012
3848073 2913
1013263 872
2405961 3034
2829001 943
1 3001
562829 313
6341614 2905
8602785 3337
5948 2974
6174 2363
964909 547
3410208 1137
3927654 1931
2093999 698
197350 2356
1200161 510
4478811 2935
2252 1126
5022001 1674
10479491 3492
375747 1246
143165 214
402094 1124
2691008 1579
831609 3348
1068187 2631
4847701 2486
701569 1624
373 374
1466550 489
9053613 3018
4946 2473
1 1762
5951286 1984
1 2644
364704 1392
890674 1814
2758455 2835
6132599 2044
1941189 1936
787969 2304
6681 3341
9288525 3302
7185 2730
3849779 2293
3770592 1267
585371 870
211083 467
252083 84
1181605 394
1185 1066
147 148
3 3470
212 212
1651951 1072
3103767 1874
103305 152
1301874 973
6712925 3162
3439853 1147
1443 722
4181580 1394
6546279 2999
6035161 2280
1631517 1201
6704 2845
9552551 3430
3416875 2485
2265131 1581
174001 1160
3642328 3159
6373758 2977
5333595 2875
2079694 693
5911 2955
7168000 3500
4246636 1619
7818872 3260
136458 1026
2692601 2221
4053437 3059
1852545 656
4555518 1518
1851426 1314
3019676 1006
789419 590
1358548 453
1765910 1500
4296742 1827
4080833 2971
6532121 2296
159445 129
823249 890
9386870 3130
2 554
5606481 2530
1 2034
4147464 1416
1 1146
164 165
3661219 1220
1283 641
3479948 1160
269191 506
1 2604
2072473 1037
3463585 3488
3774870 2214
3806088 3432
372190 191
1983486 822
914040 669
8346000 2782
433020 1593
2107285 2621
2286710 2214
1837123 3162
7928062 3491
488 487
8087999 2696
80236 532
346724 201
3359160 3029
1516118 2838
605797 202
217293 2036
6294900 2099
2490214 830
3106495 2246
2 1746
2836415 2528
1882 702
4085354 2165
248589 2673
133320 660
1 2067
2 1303
5352150 1783
349 350
7867148 2917
1313400 539
1773 1773
4187999 1396
2883310 1551
3582251 2427
3214071 1071
1918550 2170
4669763 2001
5156379 3396
5028076 1978
5252789 2850
2082693 694
4289121 2437
495166 165
80275 574
1404480 1760
10233361 3495
2566200 2730
8389959 3290
162855 693
16577 45
275998 467
345116 115
1405 703
668 238
4041145 1908
1785483 3149
2330728 1489
1968257 1641
6894539 2298
1724 1600
653078 681
2 2363
1183563 1119
6261 3131
1706995 587
955193 343
893901 1741
50689 370
1356 1357
4188299 1524
650412 252
4015 2227
562162 727
699978 476
597550 1406
264831 355
3712763 1238
57915 429
49461 51
2439863 3307
2893356 1949
17458 11
4131461 2094
1103207 439
552421 396
5491909 2508
791735 264
13457 36
7268422 2422
1731349 823
72000 192
1089408 523
1258195 1033
265922 1407
1860442 2077
5975465 2102
7642559 3352
3135 3136
731542 640
4429523 2999
1339996 919
1465 732
1195414 1735
8033676 2677
4770491 1857
2401 848
997 509
1 2098
729741 1177
325 115
4801576 2631
6618793 2207
35172 279
1217561 499
2871335 957
1379585 634
476606 2011
8289322 3046
6062999 2021
2949 2419
1077001 1000
7994663 2664
3 2433
3914400 1400
474553 2808
34633 72
989806 949
144379 247
5 2811
813649 3036
50712 323
1153604 1634
1 507
5571 2786
3666000 1222
98210 161
505 506
351923 299
2387999 796
2670 1278
690689 2093
1 1875
12 1784
2191878 1653
268464 1128
1641 820
1086361 362
305281 318
7687 2598
758580 1345
3770550 1539
1419621 1087
10470489 3489
698585 921
8282056 3377
2682893 894
778414 586
1824837 2352
2187 2188
794530 459
761954 254
1083759 2945
1 1837
947789 803
3188591 1089
1604827 1017
1834650 2025
1 737
1095392 365
3722879 1662
6111001 2037
156767 71
653030 2455
5020 2510
6275429 3119
1858895 787
1 2083
910844 1960
4793580 2970
347146 1792
4552630 2833
606779 379
2465 1283
5628106 2312
73225 505
3046654 2455
4460734 2455
6551750 2517
9554814 3186
2 2030
1686436 562
4348894 1450
44175 2325
28900 68
1200576 400
591569 378
438152 286
8319639 2911
2078111 1497
5003 2502
5532975 1844
1233469 469
3435137 2284
2 1210
2127302 2072
904126 2437
6507830 2170
58309 323
2856 2857
4293 3211
1674124 558
620 621
4447283 1856
2294866 1802
1821 1822
9302897 3102
2764977 944
3398308 1348
6596919 2726
769708 571
4038 2526
7892262 2932
2523743 1016
6627601 2520
789074 2505
7857000 2619
2555053 1788
155 3
1172663 534
9342398 3333
5435049 3042
4715790 2469
5375543 2648
339522 797
750151 435
2634808 3391
1797 898
2450793 1316
330499 427
860667 314
3744045 1359
2205830 771
2676481 3280
703857 283
1256999 419
810925 494
2991982 2184
121410 710
1634839 545
2092639 1760
41707 36
3429 1714
1154 577
4863 2431
720510 1645
896831 2630
1574796 1166
3939885 1436
8194402 3327
480641 320
262350 1650
3370 1198
2960 423
197399 200
1542515 514
3974637 1401
1 2280
3911699 1326
7851073 3176
1891977 2156
1379038 957
4171326 1889
3061848 1232
2016082 738
5897435 1985
1779065 2993
577 219
2641801 1036
2106450 1698
162454 86
5716464 3095
2829986 1897
8291759 2764
820396 2371
4264380 2283
1579641 1564
4576090 1525
4599943 2013
2981502 2989
10106885 3368
3570809 1256
7996759 2733
3985 1992
149225 462
1840728 1291
806754 269
4460999 1487
2872359 2228
2996 2628
1460054 1304
1246358 958
8097000 2699
6595684 2666
4207251 2162
6644266 2462
5544719 2448
1 1792
4144382 1381
1160941 463
8493449 2832
318 318
9391661 3130
167 56
5861 2930
5277214 1758
88037 67
1340525 3098
10420811 3474
118599 211
5951232 2952
6361419 2236
3660364 3471
2263051 754
2 1958
3606016 2742
3038 1519
419 209
168326 853
6537444 3246
4286429 1455
800495 1744
2379842 821
9335887 3113
4883 2441
249775 268
1146 827
8889035 2964
1023267 698
1299 4
46 1037
1608000 536
1150993 2747
3324734 3017
5609048 1875
1143216 697
1 1127
5539153 1847
9470841 3158
2932604 2122
1802549 1562
195486 186
1 1255
2300740 1289
130215 642
2856569 1816
3681387 1405
3265228 1111
6263 3132
788958 318
4624929 2641
809730 270
9186347 3268
7659916 2553
62928 67
4215 2077
1155341 1854
2694652 1348
