1000
600153103 736357270
88040510 941572196
602021946 377693696
269174942 944477478
820146987 527363023
843579567 779423993
912584532 969101909
14984782 25263181
252185481 700823545
974849508 252152945
984874904 852521251
668548631 720271023
330490714 733028069
725617593 832434531
644861751 322876062
203637804 803568117
683436987 411066792
964012898 987420752
569627970 425481065
234716980 947120157
698953812 973295611
556092748 53343778
113142922 581853544
40125845 323490701
403714872 483309303
526558932 645822186
724082237 118159634
603007028 756981203
48519067 202702101
594464568 50383787
587902285 985868116
754911139 695889047
285417228 885347541
155412303 794868956
329959271 57054518
879681532 878132114
642989536 224341578
118292634 189129449
951995602 334190885
148937447 912835048
15280734 28193000
308992852 521489623
627392318 871564269
27548781 847693752
170782755 586829762
590649300 885474455
181832010 914925108
106359530 923707722
297425581 250324026
401312361 446065668
714859338 10731709
230837837 227023698
924339787 7417776
950126130 917077900
68871679 923329184
835463566 908003304
4821658 5731724
588546721 820893418
583634347 88639125
832411167 782874357
89556904 345866226
981332353 949861829
999293801 748898549
819962381 377125021
390797292 254359453
272072847 322142740
642003593 598464110
350164034 109586586
14433941 967093399
916075264 169136951
399785370 188297459
818969164 65690916
192406732 787150094
625042496 703885998
544787642 126425522
879577847 120484940
239244686 442082303
106408151 521720637
53894868 803148909
689878903 438922019
277534348 320244107
940935566 535454597
93589201 673125406
503625572 786314298
829750892 209782279
909844408 61616648
820526983 558284288
319443573 262631625
673753046 399925036
697322564 199462968
306988466 91356096
392432834 546717517
388119353 90359797
9258702 17986383
381640676 677500061
377038607 956544370
700990340 147263226
197866514 29989649
659529112 862143266
958083726 836495506
509112004 587997445
488697621 739769384
82080554 812791963
499964590 965546092
339269576 49128552
927137871 872538234
292728341 929954667
648487777 75489546
132691714 769984790
872328647 458923541
280846793 288563526
150258616 289676584
400416427 667908800
810310837 271666980
17129040 869190627
834961966 51357701
324568260 605778117
607567618 766987686
992732131 72853670
616022984 694109177
473760143 745145441
46234919 482973488
350079731 111603995
182999138 187656075
112598866 858007311
399222769 329747578
656394473 123838409
103235316 522553284
408894363 101564637
519659872 946641904
230837837 808477420
37253334 608787342
215800558 964404842
79942740 399175445
842087082 73710909
414969572 229878783
19274981 18318322
645034331 525629161
410723280 917951700
628437308 847686447
678410574 915936410
901752398 980511290
949445161 51176657
851992684 689298848
820035746 711161322
499567060 610460528
436696016 600236142
830928677 700850354
713886427 555092437
705348386 246416338
433746666 949671907
605614554 180370312
825865485 378309347
275090528 700085694
702015318 982483346
884763886 852628028
294903579 779178714
817800855 793790663
936098649 409080151
982302834 350906031
229305028 133224511
754012794 792690092
463943843 173260102
134562226 457740182
342672839 308712299
470211292 5518683
112630781 928503409
21219853 229365099
192609778 150902268
209488769 153698136
373597023 324412970
886961617 753407145
553205774 875580985
659767632 956868774
784286178 27363835
817312725 152102082
492253092 277970209
843889990 538571199
231522142 730940321
819962381 683646897
887656032 189667441
886636977 233199951
969939658 129626828
904531888 60700352
364310337 961998653
994653630 972689895
307075744 15892116
233676478 941017006
390102669 422953656
58493391 985220920
338810085 786433773
445559292 719972211
695148336 425380099
489405278 290553777
996074026 801713
990804785 622762721
647503977 271139968
175112096 764024882
137955119 272224673
103344342 201168531
554098185 908221147
679204815 559339166
341852835 633829273
711103816 909360388
145250166 165577750
766981778 341601265
550508179 444601338
147567732 845340473
772373120 839842423
676428889 656843082
408121201 325071735
714859338 767611465
518311822 837362118
914335997 80249722
523781270 438572899
921069826 286311985
58864764 134709791
902811560 5164897
50405386 862296062
982687264 6571506
721718057 315573483
223440400 493624046
613176782 752672291
605657337 668764753
59700567 798321851
815443966 253004480
650631828 455478567
761538244 982900751
312520882 31283808
138500 10414882
985063879 946002510
998047134 79452130
620610598 2097730
644830514 284966148
372238325 443587411
648831759 383966621
458215441 772180851
440589298 475701850
245074638 515780812
919523153 847919888
884400863 710594421
570658135 81414127
374558338 775555159
585029414 279182610
644473854 974133486
671279813 639120343
59231014 819391975
738481112 581595580
292925622 471113208
620210671 999852454
783903159 428470511
172475904 374442124
919565515 302057915
247459939 671018946
403714872 19903144
1454163 943965418
588880385 520592746
286647031 895944874
600276917 768956843
102075125 673500513
552764000 448442665
292344375 974646866
140383632 606623753
931712510 946541817
240778480 697441790
224668382 829444765
864666760 28291806
789588197 585181128
371961529 674567934
427256032 883661498
420052321 317604972
16217141 991653122
432138636 923504999
982078557 562170657
512581377 666866060
232634295 951917856
15918058 24329905
282105731 48200814
26535694 932235249
932782840 957772963
46129836 733242758
240320219 259440500
728618561 798394399
161021227 920693012
129624436 936406866
281876648 234474677
15975460 995099599
560444040 623551456
491589990 765776304
178456258 754984159
18374342 823184984
716919690 909687673
728052107 234859717
532443423 430019040
637365560 461829636
921938296 204374696
644943742 514170813
898308938 503323927
854922335 594128988
7307885 10105065
385985878 627164967
385010095 146534359
573486294 150541331
676556023 631092870
377336469 66214783
252249370 251784709
25640299 54956190
567654725 616391035
320153164 408852710
23157327 815532022
174624153 994203050
109946284 438229398
202301133 551277601
944425335 554131066
4209744 998464561
746834375 140784180
426011538 292191509
883212477 589051385
47354265 802940081
154598627 349447904
937502359 305424467
338685483 854523374
892374765 360416508
147485596 51613442
143390474 873625455
367950036 687955226
786376968 297780490
715117130 976053935
168565338 345281133
993375794 969404941
245394720 33778361
734531509 868047267
197049775 53138965
933780683 349518311
363874896 658322858
457841035 960863506
342873345 599774685
88413857 964419017
98435305 953018620
78730428 672802355
157862190 816610664
535386278 793817316
275035974 633790075
722790555 657323757
264893648 82628696
922878988 67323165
622387222 833332519
993394234 992404708
393451980 272568377
513409777 511109418
550856102 430142574
61611934 212035143
707978773 966173645
92107128 24668841
685570674 33768281
660117069 236397386
374521051 639787128
897429137 5467627
716188010 540936790
513957177 218385751
725249187 424167233
278021140 671934229
629891078 132938734
419142415 359083457
578423761 70902945
570658135 394281244
246671093 45293637
559679490 964265490
351199062 547424096
655167003 761156865
784058021 692065734
906460814 560507571
682763431 355542712
934957801 833835781
324472772 968518000
999561527 855414622
762614006 874169090
173578643 855695668
498051251 108951703
29631304 257781739
230231087 425172340
397353239 281421349
33287204 242444466
993158099 989077491
412170700 739322822
350186069 618309098
108052291 540605850
332720981 937143808
628486310 638497681
106846646 561215964
434299225 781727018
909667692 233418297
252108441 175724443
186019866 18071360
885553366 879576989
757286797 706974009
992048544 395229511
398674997 625412105
84393338 522561666
973232296 806747711
825804818 419003042
228454506 199518485
461098068 593344333
483186254 285884284
914802552 631322565
144493051 830793303
702349534 693627488
381092010 593445241
379725085 457224993
329193995 905956582
289588826 132399562
332594783 931110151
878902138 191224074
128012627 982470132
871453987 73890928
968228032 63839595
889331451 373042319
408147988 757672482
708682935 782499479
302778384 8676353
244006170 404313159
371961529 722552091
67523105 32415798
202211205 808865720
553598872 883870034
906288169 358907975
201985182 109369405
592082412 387188514
696313713 279741755
407692319 95583849
391855710 848261176
233062589 761343334
315126503 274068158
873228521 902957643
397163202 210103397
624892604 712443574
261167394 40857529
453380680 981661425
78994824 678925137
497106930 510859095
831793773 359154898
828952009 663474583
380946580 87087841
149430423 76018996
750188468 728595090
955613543 348128860
447374213 350194869
955095010 6109718
450865083 397663069
650030194 814230612
900704786 877992220
122747313 369732507
309980783 723522375
290423910 417472638
238373503 982553116
183105093 514367005
999382508 4110195
461107834 135952983
364305592 629403559
230315020 572290269
478946988 123514340
621670403 778293401
544585905 533152582
585993930 988039898
50898577 54158550
713386912 33547645
984266449 978599031
151790497 588011320
813320573 663993728
483734066 857907305
892311384 213159868
758978467 268995329
349343399 951428810
201985182 663531182
521756534 907707869
341103661 55561055
26187700 986378669
164835584 409914452
542968664 179349966
996771121 172470007
194659238 692019417
91466307 295865942
922446725 740181773
278708952 155106402
980298335 731266327
948418889 403991136
874523851 909170083
973842018 822090905
33287204 664199861
383203084 804340321
874589721 130007190
273527027 883308850
415993972 269529312
206347334 429941372
994037485 686494681
448489602 584303204
897293728 874971215
986997382 58635707
216559303 91935181
689878903 939839611
741494527 835054236
582576601 946587852
371740086 182365886
568957929 68853805
325097588 842433873
741790814 895151946
245601964 28045113
278437663 685421997
692092021 860378528
871802349 804083532
575306961 303802063
750293661 374454543
995993178 427972670
101499510 79869969
128001120 581717802
187966838 26552345
464572962 43496359
832786787 678117563
103992538 326708420
141708337 333053250
84634475 581250568
738255304 988981322
956045386 189641987
80240441 554087268
580714820 616301497
223058687 46929707
817622890 238501325
163095491 444635005
972589200 535056082
477092461 248882863
190147961 921225001
149316600 301119697
961849521 861998942
358231174 693768909
179748374 812273631
582499467 79638904
725539382 9955742
309219414 569373218
438108271 810658668
494651517 955461329
182917392 816396593
831271945 467661518
743792202 970565226
450171757 454828694
470681231 933843296
370338122 681091436
550264400 128266756
385730656 536646322
474368627 521440463
819550310 84512132
41331475 134906451
861287632 978707613
679847628 866855258
523738026 636384633
44712287 268799910
407665629 410398177
851460733 840117095
186457672 735919306
23895406 893446993
65924851 485112854
205469916 459465781
954470522 133400663
499713536 591785092
877813208 409485764
941449072 280280602
142215001 247424294
193102926 704892673
648844857 611080472
698074621 68539479
908725349 81114859
36294627 936806281
133273113 880365826
418661693 60852159
951123724 667483616
582290460 614006109
197329824 496146163
25395586 59181025
909846265 876629125
937885738 398873483
99975155 73530689
854012577 315005254
919777682 597089433
460400045 100576870
344143461 974377082
722790555 33433820
189444482 589753858
934688533 13090202
111794166 42142986
218596061 932653352
2329623 627924
984784312 763917861
11861589 791272809
30361722 365718760
264581669 244733626
447216053 947979479
394413934 67899278
107523545 489016121
897203208 325643087
871588861 192792397
974090617 917654669
933818384 525327471
277528823 999774860
367623531 508899669
752371613 966854700
9245027 635195494
975946853 905517617
476692378 223532670
598778072 444074101
52485261 297960172
992579895 510971944
9245027 315135692
965118848 212780902
272535127 56348823
362694151 399617494
507422994 778949656
431411347 940077413
691418912 358285708
547102081 9419383
350898768 809130841
352476208 474745208
22852773 446470463
303392053 17238909
64036418 80679225
6319476 116378148
569630850 969581967
149413999 93611307
944756019 389201113
36011616 369496107
964657966 919422265
817327180 427220136
42718120 797179783
595474871 149231341
375753515 194475441
779919409 576743501
289402759 56330873
475548991 893057866
723536200 384276954
961392072 908717415
450035343 576854158
630483242 744072062
100464150 982433657
952311580 34617756
832786787 482316137
262678472 469664456
64477503 337938634
953895552 698966692
841201955 487356031
601865844 188460738
580107409 605237510
806886061 548019859
95395407 76617343
851708934 920556009
49590395 635346778
125083303 132583744
563719134 575263821
956616460 765674593
304159021 210494416
168856294 912926248
554605612 822551762
965194925 639079896
135014985 149657271
187911298 844167703
238069538 394876601
714859338 916947069
995395396 840195918
929968555 824655330
32381757 677340002
663709957 293026065
251334559 516124716
507555875 704137791
741790814 737493113
887656032 662834062
785291103 976484894
206073263 341598506
468482152 283011347
186712117 519171284
168781652 862568612
397060467 847647876
826392076 130409287
969665567 26497297
8257529 983693510
953519170 569766613
144908215 571947704
692872185 573194787
97520260 462194970
702007054 979400637
942048606 63836169
191849806 654987882
870120570 337642711
796961361 964542707
953623287 581035715
216687967 119018011
875714669 806502690
67248361 909495883
308555426 470153268
550901218 749514177
362610443 207780214
813320573 392990103
126718906 410083762
641301408 531877583
952943153 437533002
737024222 717210690
802159766 596939720
863471157 958643267
98821937 348871247
819962381 346019626
108322886 803950853
175078339 118858073
425501182 745606775
691599556 837730363
70110317 822207996
887374926 986125593
452247629 379629028
979510581 729515180
875956498 510147453
215781359 732244666
252401166 311088049
922676752 259265023
887596728 974759952
464063306 93144369
895450540 758171562
417805442 474347055
784286178 708046327
253593 123291
317827976 454051485
424146687 290198818
784971494 316813442
893548629 843843285
451079443 873453518
782352537 472059836
625588155 917236957
619592062 138245619
481998426 289027456
689789557 866861866
848427086 818445476
281497992 16228786
664652489 170650437
421582361 462962699
299056933 240958225
883774053 841733628
724403800 988169720
960857395 521348780
180050012 166144942
233549677 585941353
931972357 117428900
480692824 220245763
417098794 41225869
388647865 984341051
188919229 113105694
993118891 940374814
328662530 989408558
74932088 34957854
242906083 612125757
387060080 930122752
996714649 886675618
972377405 932324929
35051615 587627358
184891068 164529866
912185245 622476796
904937113 262735664
398160346 844918229
601691109 367179327
163722401 311452549
214272272 558452559
143269713 653234570
107400036 744498422
739822852 23415270
985726531 408237997
81402388 764654695
784090725 480411150
657826766 853265927
983213670 24923475
193582854 129075436
200252404 71717486
15196021 29557717
440506830 966370085
197127711 564621828
629331731 996861215
159314712 980811490
128578812 991535021
109000471 455431829
864599989 916297416
488670321 729099701
998595470 306971955
624409342 588582676
425849272 999951737
726293530 660356965
813320573 285386871
8584805 998044442
800591060 739533834
256689843 387173542
340792936 708901241
457418237 355154026
986695585 129251237
225874633 426763568
955613543 770153059
979510581 622035627
244307827 63009112
163475895 300163496
979510581 149542780
458452966 901878479
477326292 73000868
974850858 975653646
43571242 517167862
686172669 804777295
874523851 886214722
779808484 393259413
200565679 150728835
527322206 337874444
982942192 332432716
961653967 184788835
657465192 471874856
978069469 748063548
171546724 721461687
870420999 613951609
784359964 179100576
203176741 857328957
353226325 769137665
595762785 864061117
102777486 569340196
62471582 167410790
493490894 362396962
268804470 767573601
233357900 712116128
134211391 728095590
533336570 256222277
28952369 156915735
272535127 733675032
861296429 693398447
361336563 166172632
221130006 440716933
681565802 984830938
114588717 209995576
811598288 19720557
901371130 427633072
293399860 556513087
32304630 217150281
952945883 921997694
340082393 806360409
316366929 819014642
38620668 443997256
85770325 125942506
90802118 923838575
282426809 233924516
45262981 882958339
966678881 37398219
749290116 113807226
500017048 551791593
864599989 819411505
261957379 322430983
460208775 118176153
792037652 217471095
51164772 934509551
622387222 737778855
758297728 557986227
836283379 961068570
980142313 578047148
271530493 764394114
128271112 713419863
677683494 157416735
172131729 665362421
46932728 65238315
447080158 901449476
107482772 621487575
849098312 990896933
80558833 32657449
992071532 185775840
498020450 870037484
759951807 559355322
616045188 719148338
767080304 362207582
913253871 162830075
27456848 302760797
826736766 120568049
104653391 646765792
971406788 28238518
800760122 63664364
67249784 584736839
983314651 800626785
102766374 794741430
505862157 2859957
243721517 88093027
965573349 608997562
872801192 828846145
551369256 598010503
863356257 4524718
796707154 410807728
945371602 167654637
160384670 73760950
981557387 337890157
826664665 188338565
844491512 4178682
488361941 118904658
991730249 188108247
915477533 358332979
348562954 34214248
520617784 627013443
602900095 901343309
589684551 874576255
770502873 88494508
178682620 900022200
16903941 418578503
984784312 87451094
155598811 913782096
696575337 823477481
113548388 232646566
848124499 437875557
70227474 230501480
40998770 357789297
480712496 55036664
585993930 375977097
713851960 306919220
15196021 386994512
997225427 793041448
629054992 998940912
699698217 977091800
374554044 177613833
741424050 138575262
976291505 545129515
469282851 48186792
579354421 217259602
348562954 826692845
62224104 717148490
447946577 596062771
1591256 913213892
201298776 413795547
514984819 792378402
895290903 190649663
848124499 987932111
58559763 914299266
48702107 709668605
153293161 163353316
677683494 930761206
193075742 411334687
83601748 235999278
783140003 726010734
935282626 33078231
906501462 811902451
978596662 400711953
154186895 531690440
419726188 758874284
639399367 330943266
113532115 873662949
247378645 898714378
170850223 69231878
810187267 188323906
522658650 183152244
554820257 649415337
387112760 250698974
118929450 278213787
628950139 531770795
104241649 384709677
746821801 964742861
101100767 847637484
643070544 689185981
895152814 431788140
608292452 572051399
79353413 688651256
962322376 557996952
562799851 765832150
303892820 91015633
713562294 378169566
991337315 785921765
977067768 137219997
371584018 366704440
33743784 918734098
763408281 568243524
949546796 191074672
879610356 414893542
435268257 96889498
174624153 198103477
486858016 128273191
437223299 576683350
520681829 957758899
5321732 159618327
178918312 697231873
142203120 881958958
105280485 552968908
946164165 64586881
6095706 38914985
621904384 472927982
157896970 920480807
972044776 831907996
159828757 896790072
630592919 790888410
361037368 591690857
318926744 973585182
910566889 352735908
701755339 200919577
735106170 84759848
522690150 700823097
130997490 224028249
906273076 741653580
73565194 768973608
881994037 477841107
948998395 623397410
172052375 506175154
817312725 808868554
417892916 989807315
609944920 935719987
