100 100
97 98 96 94 92 97 94 93 95 97 92 91 96 96 97 94 94 96 95 91 94 94 94 96 97 93 94 97 91 97 96 94 94 93 94 92 93 93 95 96 97 92 92 95 96 96 94 97 97 97 93 97 97 93 98 95 97 95 94 94 93 91 97 94 94 92 92 91 97 95 95 92 95 93 92 93 91 93 98 93 95 95 91 97 95 98 94 95 91 95 93 92 98 91 96 95 98 97 97 91
1 10
7 8
7 3
99 1
300 3
101 1
97 1
701 10
32 1
382 6
504 9
479 6
971 10
138 9
275 7
200 2
174 7
97 1
89 3
1 9
3 3
7 4
892 9
503 5
203 2
522 6
619 10
621 10
470 7
89 1
36 2
63 8
81 1
291 6
585 8
279 9
254 5
76 1
1 10
16 9
18 9
494 5
301 3
202 2
367 7
295 5
695 8
184 3
165 3
252 3
120 8
59 2
55 1
122 2
129 3
424 8
737 9
1 10
10 7
2 1
990 10
899 9
203 2
54 1
113 9
729 9
419 6
105 4
599 8
710 7
60 10
309 10
39 2
85 1
163 7
114 3
1 6
5 4
14 5
597 6
200 2
403 4
206 5
162 3
16 3
32 1
83 3
253 6
54 2
175 9
252 4
447 7
181 10
131 4
347 6
1 6
8 9
17 8
99 1
300 3
