123456
123457
123465
123467
123475
123476
123546
123547
123564
123567
123574
123576
123645
123647
123654
123657
123674
123675
123745
123746
123754
123756
123764
123765
124356
124357
124365
124367
124375
124376
124536
124537
124563
124567
124573
124576
124635
124637
124653
124657
124673
124675
124735
124736
124753
124756
124763
124765
125346
125347
125364
125367
125374
125376
125436
125437
125463
125467
125473
125476
125634
125637
125643
125647
125673
125674
125734
125736
125743
125746
125763
125764
126345
126347
126354
126357
126374
126375
126435
126437
126453
126457
126473
126475
126534
126537
126543
126547
126573
126574
126734
126735
126743
126745
126753
126754
127345
127346
127354
127356
127364
127365
127435
127436
127453
127456
127463
127465
127534
127536
127543
127546
127563
127564
127634
127635
127643
127645
127653
127654
132456
132457
132465
132467
132475
132476
132546
132547
132564
132567
132574
132576
132645
132647
132654
132657
132674
132675
132745
132746
132754
132756
132764
132765
134256
134257
134265
134267
134275
134276
134526
134527
134562
134567
134572
134576
134625
134627
134652
134657
134672
134675
134725
134726
134752
134756
134762
134765
135246
135247
135264
135267
135274
135276
135426
135427
135462
135467
135472
135476
135624
135627
135642
135647
135672
135674
135724
135726
135742
135746
135762
135764
136245
136247
136254
136257
136274
136275
136425
136427
136452
136457
136472
136475
136524
136527
136542
136547
136572
136574
136724
136725
136742
136745
136752
136754
137245
137246
137254
137256
137264
137265
137425
137426
137452
137456
137462
137465
137524
137526
137542
137546
137562
137564
137624
137625
137642
137645
137652
137654
142356
142357
142365
142367
142375
142376
142536
142537
142563
142567
142573
142576
142635
142637
142653
142657
142673
142675
142735
142736
142753
142756
142763
142765
143256
143257
143265
143267
143275
143276
143526
143527
143562
143567
143572
143576
143625
143627
143652
143657
143672
143675
143725
143726
143752
143756
143762
143765
145236
145237
145263
145267
145273
145276
145326
145327
145362
145367
145372
145376
145623
145627
145632
145637
145672
145673
145723
145726
145732
145736
145762
145763
146235
146237
146253
146257
146273
146275
146325
146327
146352
146357
146372
146375
146523
146527
146532
146537
146572
146573
146723
146725
146732
146735
146752
146753
147235
147236
147253
147256
147263
147265
147325
147326
147352
147356
147362
147365
147523
147526
147532
147536
147562
147563
147623
147625
147632
147635
147652
147653
152346
152347
152364
152367
152374
152376
152436
152437
152463
152467
152473
152476
152634
152637
152643
152647
152673
152674
152734
152736
152743
152746
152763
152764
153246
153247
153264
153267
153274
153276
153426
153427
153462
153467
153472
153476
153624
153627
153642
153647
153672
153674
153724
153726
153742
153746
153762
153764
154236
154237
154263
154267
154273
154276
154326
154327
154362
154367
154372
154376
154623
154627
154632
154637
154672
154673
154723
154726
154732
154736
154762
154763
156234
156237
156243
156247
156273
156274
156324
156327
156342
156347
156372
156374
156423
156427
156432
156437
156472
156473
156723
156724
156732
156734
156742
156743
157234
157236
157243
157246
157263
157264
157324
157326
157342
157346
157362
157364
157423
157426
157432
157436
157462
157463
157623
157624
157632
157634
157642
157643
162345
162347
162354
162357
162374
162375
162435
162437
162453
162457
162473
162475
162534
162537
162543
162547
162573
162574
162734
162735
162743
162745
162753
162754
163245
163247
163254
163257
163274
163275
163425
163427
163452
163457
163472
163475
163524
163527
163542
163547
163572
163574
163724
163725
163742
163745
163752
163754
164235
164237
164253
164257
164273
164275
164325
164327
164352
164357
164372
164375
164523
164527
164532
164537
164572
164573
164723
164725
164732
164735
164752
164753
165234
165237
165243
165247
165273
165274
165324
165327
165342
165347
165372
165374
165423
165427
165432
165437
165472
165473
165723
165724
165732
165734
165742
165743
167234
167235
167243
167245
167253
167254
167324
167325
167342
167345
167352
167354
167423
167425
167432
167435
167452
167453
167523
167524
167532
167534
167542
167543
172345
172346
172354
172356
172364
172365
172435
172436
172453
172456
172463
172465
172534
172536
172543
172546
172563
172564
172634
172635
172643
172645
172653
172654
173245
173246
173254
173256
173264
173265
173425
173426
173452
173456
173462
173465
173524
173526
173542
173546
173562
173564
173624
173625
173642
173645
173652
173654
174235
174236
174253
174256
174263
174265
174325
174326
174352
174356
174362
174365
174523
174526
174532
174536
174562
174563
174623
174625
174632
174635
174652
174653
175234
175236
175243
175246
175263
175264
175324
175326
175342
175346
175362
175364
175423
175426
175432
175436
175462
175463
175623
175624
175632
175634
175642
175643
176234
176235
176243
176245
176253
176254
176324
176325
176342
176345
176352
176354
176423
176425
176432
176435
176452
176453
176523
176524
176532
176534
176542
176543
213456
213457
213465
213467
213475
213476
213546
213547
213564
213567
213574
213576
213645
213647
213654
213657
213674
213675
213745
213746
213754
213756
213764
213765
214356
214357
214365
214367
214375
214376
214536
214537
214563
214567
214573
214576
214635
214637
214653
214657
214673
214675
214735
214736
214753
214756
214763
214765
215346
215347
215364
215367
215374
215376
215436
215437
215463
215467
215473
215476
215634
215637
215643
215647
215673
215674
215734
215736
215743
215746
215763
215764
216345
216347
216354
216357
216374
216375
216435
216437
216453
216457
216473
216475
216534
216537
216543
216547
216573
216574
216734
216735
216743
216745
216753
216754
217345
217346
217354
217356
217364
217365
217435
217436
217453
217456
217463
217465
217534
217536
217543
217546
217563
217564
217634
217635
217643
217645
217653
217654
231456
231457
231465
231467
231475
231476
231546
231547
231564
231567
231574
231576
231645
231647
231654
231657
231674
231675
231745
231746
231754
231756
231764
231765
234156
234157
234165
234167
234175
234176
234516
234517
234561
234567
234571
234576
234615
234617
234651
234657
234671
234675
234715
234716
234751
234756
234761
234765
235146
235147
235164
235167
235174
235176
235416
235417
235461
235467
235471
235476
235614
235617
235641
235647
235671
235674
235714
235716
235741
235746
235761
235764
236145
236147
236154
236157
236174
236175
236415
236417
236451
236457
236471
236475
236514
236517
236541
236547
236571
236574
236714
236715
236741
236745
236751
236754
237145
237146
237154
237156
237164
237165
237415
237416
237451
237456
237461
237465
237514
237516
237541
237546
237561
237564
237614
237615
237641
237645
237651
237654
241356
241357
241365
241367
241375
241376
241536
241537
241563
241567
241573
241576
241635
241637
241653
241657
241673
241675
241735
241736
241753
241756
241763
241765
243156
243157
243165
243167
243175
243176
243516
243517
243561
243567
243571
243576
243615
243617
243651
243657
243671
243675
243715
243716
243751
243756
243761
243765
245136
245137
245163
245167
245173
245176
245316
245317
245361
245367
245371
245376
245613
245617
245631
245637
245671
245673
245713
245716
245731
245736
245761
245763
246135
246137
246153
246157
246173
246175
246315
246317
246351
246357
246371
246375
246513
246517
246531
246537
246571
246573
246713
246715
246731
246735
246751
246753
247135
247136
247153
247156
247163
247165
247315
247316
247351
247356
247361
247365
247513
247516
247531
247536
247561
247563
247613
247615
247631
247635
247651
247653
251346
251347
251364
251367
251374
251376
251436
251437
251463
251467
251473
251476
251634
251637
251643
251647
251673
251674
251734
251736
251743
251746
251763
251764
253146
253147
253164
253167
253174
253176
253416
253417
253461
253467
253471
253476
253614
253617
253641
253647
253671
253674
253714
253716
253741
253746
253761
253764
254136
254137
254163
254167
254173
254176
254316
254317
254361
254367
254371
254376
254613
254617
254631
254637
254671
254673
254713
254716
254731
254736
254761
254763
256134
256137
256143
256147
256173
256174
256314
256317
256341
256347
256371
256374
256413
256417
256431
256437
256471
256473
256713
256714
256731
256734
256741
256743
257134
257136
257143
257146
257163
257164
257314
257316
257341
257346
257361
257364
257413
257416
257431
257436
257461
257463
257613
257614
257631
257634
257641
257643
261345
261347
261354
261357
261374
261375
261435
261437
261453
261457
261473
261475
261534
261537
261543
261547
261573
261574
261734
261735
261743
261745
261753
261754
263145
263147
263154
263157
263174
263175
263415
263417
263451
263457
263471
263475
263514
263517
263541
263547
263571
263574
263714
263715
263741
263745
263751
263754
264135
264137
264153
264157
264173
264175
264315
264317
264351
264357
264371
264375
264513
264517
264531
264537
264571
264573
264713
264715
264731
264735
264751
264753
265134
265137
265143
265147
265173
265174
265314
265317
265341
265347
265371
265374
265413
265417
265431
265437
265471
265473
265713
265714
265731
265734
265741
265743
267134
267135
267143
267145
267153
267154
267314
267315
267341
267345
267351
267354
267413
267415
267431
267435
267451
267453
267513
267514
267531
267534
267541
267543
271345
271346
271354
271356
271364
271365
271435
271436
271453
271456
271463
271465
271534
271536
271543
271546
271563
271564
271634
271635
271643
271645
271653
271654
273145
273146
273154
273156
273164
273165
273415
273416
273451
273456
273461
273465
273514
273516
273541
273546
273561
273564
273614
273615
273641
273645
273651
273654
274135
274136
274153
274156
274163
274165
274315
274316
274351
274356
274361
274365
274513
274516
274531
274536
274561
274563
274613
274615
274631
274635
274651
274653
275134
275136
275143
275146
275163
275164
275314
275316
275341
275346
275361
275364
275413
275416
275431
275436
275461
275463
275613
275614
275631
275634
275641
275643
276134
276135
276143
276145
276153
276154
276314
276315
276341
276345
276351
276354
276413
276415
276431
276435
276451
276453
276513
276514
276531
276534
276541
276543
312456
312457
312465
312467
312475
312476
312546
312547
312564
312567
312574
312576
312645
312647
312654
312657
312674
312675
312745
312746
312754
312756
312764
312765
314256
314257
314265
314267
314275
314276
314526
314527
314562
314567
314572
314576
314625
314627
314652
314657
314672
314675
314725
314726
314752
314756
314762
314765
315246
315247
315264
315267
315274
315276
315426
315427
315462
315467
315472
315476
315624
315627
315642
315647
315672
315674
315724
315726
315742
315746
315762
315764
316245
316247
316254
316257
316274
316275
316425
316427
316452
316457
316472
316475
316524
316527
316542
316547
316572
316574
316724
316725
316742
316745
316752
316754
317245
317246
317254
317256
317264
317265
317425
317426
317452
317456
317462
317465
317524
317526
317542
317546
317562
317564
317624
317625
317642
317645
317652
317654
321456
321457
321465
321467
321475
321476
321546
321547
321564
321567
321574
321576
321645
321647
321654
321657
321674
321675
321745
321746
321754
321756
321764
321765
324156
324157
324165
324167
324175
324176
324516
324517
324561
324567
324571
324576
324615
324617
324651
324657
324671
324675
324715
324716
324751
324756
324761
324765
325146
325147
325164
325167
325174
325176
325416
325417
325461
325467
325471
325476
325614
325617
325641
325647
325671
325674
325714
325716
325741
325746
325761
325764
326145
326147
326154
326157
326174
326175
326415
326417
326451
326457
326471
326475
326514
326517
326541
326547
326571
326574
326714
326715
326741
326745
326751
326754
327145
327146
327154
327156
327164
327165
327415
327416
327451
327456
327461
327465
327514
327516
327541
327546
327561
327564
327614
327615
327641
327645
327651
327654
341256
341257
341265
341267
341275
341276
341526
341527
341562
341567
341572
341576
341625
341627
341652
341657
341672
341675
341725
341726
341752
341756
341762
341765
342156
342157
342165
342167
342175
342176
342516
342517
342561
342567
342571
342576
342615
342617
342651
342657
342671
342675
342715
342716
342751
342756
342761
342765
345126
345127
345162
345167
345172
345176
345216
345217
345261
345267
345271
345276
345612
345617
345621
345627
345671
345672
345712
345716
345721
345726
345761
345762
346125
346127
346152
346157
346172
346175
346215
346217
346251
346257
346271
346275
346512
346517
346521
346527
346571
346572
346712
346715
346721
346725
346751
346752
347125
347126
347152
347156
347162
347165
347215
347216
347251
347256
347261
347265
347512
347516
347521
347526
347561
347562
347612
347615
347621
347625
347651
347652
351246
351247
351264
351267
351274
351276
351426
351427
351462
351467
351472
351476
351624
351627
351642
351647
351672
351674
351724
351726
351742
351746
351762
351764
352146
352147
352164
352167
352174
352176
352416
352417
352461
352467
352471
352476
352614
352617
352641
352647
352671
352674
352714
352716
352741
352746
352761
352764
354126
354127
354162
354167
354172
354176
354216
354217
354261
354267
354271
354276
354612
354617
354621
354627
354671
354672
354712
354716
354721
354726
354761
354762
356124
356127
356142
356147
356172
356174
356214
356217
356241
356247
356271
356274
356412
356417
356421
356427
356471
356472
356712
356714
356721
356724
356741
356742
357124
357126
357142
357146
357162
357164
357214
357216
357241
357246
357261
357264
357412
357416
357421
357426
357461
357462
357612
357614
357621
357624
357641
357642
361245
361247
361254
361257
361274
361275
361425
361427
361452
361457
361472
361475
361524
361527
361542
361547
361572
361574
361724
361725
361742
361745
361752
361754
362145
362147
362154
362157
362174
362175
362415
362417
362451
362457
362471
362475
362514
362517
362541
362547
362571
362574
362714
362715
362741
362745
362751
362754
364125
364127
364152
364157
364172
364175
364215
364217
364251
364257
364271
364275
364512
364517
364521
364527
364571
364572
364712
364715
364721
364725
364751
364752
365124
365127
365142
365147
365172
365174
365214
365217
365241
365247
365271
365274
365412
365417
365421
365427
365471
365472
365712
365714
365721
365724
365741
365742
367124
367125
367142
367145
367152
367154
367214
367215
367241
367245
367251
367254
367412
367415
367421
367425
367451
367452
367512
367514
367521
367524
367541
367542
371245
371246
371254
371256
371264
371265
371425
371426
371452
371456
371462
371465
371524
371526
371542
371546
371562
371564
371624
371625
371642
371645
371652
371654
372145
372146
372154
372156
372164
372165
372415
372416
372451
372456
372461
372465
372514
372516
372541
372546
372561
372564
372614
372615
372641
372645
372651
372654
374125
374126
374152
374156
374162
374165
374215
374216
374251
374256
374261
374265
374512
374516
374521
374526
374561
374562
374612
374615
374621
374625
374651
374652
375124
375126
375142
375146
375162
375164
375214
375216
375241
375246
375261
375264
375412
375416
375421
375426
375461
375462
375612
375614
375621
375624
375641
375642
376124
376125
376142
376145
376152
376154
376214
376215
376241
376245
376251
376254
376412
376415
376421
376425
376451
376452
376512
376514
376521
376524
376541
376542
412356
412357
412365
412367
412375
412376
412536
412537
412563
412567
412573
412576
412635
412637
412653
412657
412673
412675
412735
412736
412753
412756
412763
412765
413256
413257
413265
413267
413275
413276
413526
413527
413562
413567
413572
413576
413625
413627
413652
413657
413672
413675
413725
413726
413752
413756
413762
413765
415236
415237
415263
415267
415273
415276
415326
415327
415362
415367
415372
415376
415623
415627
415632
415637
415672
415673
415723
415726
415732
415736
415762
415763
416235
416237
416253
416257
416273
416275
416325
416327
416352
416357
416372
416375
416523
416527
416532
416537
416572
416573
416723
416725
416732
416735
416752
416753
417235
417236
417253
417256
417263
417265
417325
417326
417352
417356
417362
417365
417523
417526
417532
417536
417562
417563
417623
417625
417632
417635
417652
417653
421356
421357
421365
421367
421375
421376
421536
421537
421563
421567
421573
421576
421635
421637
421653
421657
421673
421675
421735
421736
421753
421756
421763
421765
423156
423157
423165
423167
423175
423176
423516
423517
423561
423567
423571
423576
423615
423617
423651
423657
423671
423675
423715
423716
423751
423756
423761
423765
425136
425137
425163
425167
425173
425176
425316
425317
425361
425367
425371
425376
425613
425617
425631
425637
425671
425673
425713
425716
425731
425736
425761
425763
426135
426137
426153
426157
426173
426175
426315
426317
426351
426357
426371
426375
426513
426517
426531
426537
426571
426573
426713
426715
426731
426735
426751
426753
427135
427136
427153
427156
427163
427165
427315
427316
427351
427356
427361
427365
427513
427516
427531
427536
427561
427563
427613
427615
427631
427635
427651
427653
431256
431257
431265
431267
431275
431276
431526
431527
431562
431567
431572
431576
431625
431627
431652
431657
431672
431675
431725
431726
431752
431756
431762
431765
432156
432157
432165
432167
432175
432176
432516
432517
432561
432567
432571
432576
432615
432617
432651
432657
432671
432675
432715
432716
432751
432756
432761
432765
435126
435127
435162
435167
435172
435176
435216
435217
435261
435267
435271
435276
435612
435617
435621
435627
435671
435672
435712
435716
435721
435726
435761
435762
436125
436127
436152
436157
436172
436175
436215
436217
436251
436257
436271
436275
436512
436517
436521
436527
436571
436572
436712
436715
436721
436725
436751
436752
437125
437126
437152
437156
437162
437165
437215
437216
437251
437256
437261
437265
437512
437516
437521
437526
437561
437562
437612
437615
437621
437625
437651
437652
451236
451237
451263
451267
451273
451276
451326
451327
451362
451367
451372
451376
451623
451627
451632
451637
451672
451673
451723
451726
451732
451736
451762
451763
452136
452137
452163
452167
452173
452176
452316
452317
452361
452367
452371
452376
452613
452617
452631
452637
452671
452673
452713
452716
452731
452736
452761
452763
453126
453127
453162
453167
453172
453176
453216
453217
453261
453267
453271
453276
453612
453617
453621
453627
453671
453672
453712
453716
453721
453726
453761
453762
456123
456127
456132
456137
456172
456173
456213
456217
456231
456237
456271
456273
456312
456317
456321
456327
456371
456372
456712
456713
456721
456723
456731
456732
457123
457126
457132
457136
457162
457163
457213
457216
457231
457236
457261
457263
457312
457316
457321
457326
457361
457362
457612
457613
457621
457623
457631
457632
461235
461237
461253
461257
461273
461275
461325
461327
461352
461357
461372
461375
461523
461527
461532
461537
461572
461573
461723
461725
461732
461735
461752
461753
462135
462137
462153
462157
462173
462175
462315
462317
462351
462357
462371
462375
462513
462517
462531
462537
462571
462573
462713
462715
462731
462735
462751
462753
463125
463127
463152
463157
463172
463175
463215
463217
463251
463257
463271
463275
463512
463517
463521
463527
463571
463572
463712
463715
463721
463725
463751
463752
465123
465127
465132
465137
465172
465173
465213
465217
465231
465237
465271
465273
465312
465317
465321
465327
465371
465372
465712
465713
465721
465723
465731
465732
467123
467125
467132
467135
467152
467153
467213
467215
467231
467235
467251
467253
467312
467315
467321
467325
467351
467352
467512
467513
467521
467523
467531
467532
471235
471236
471253
471256
471263
471265
471325
471326
471352
471356
471362
471365
471523
471526
471532
471536
471562
471563
471623
471625
471632
471635
471652
471653
472135
472136
472153
472156
472163
472165
472315
472316
472351
472356
472361
472365
472513
472516
472531
472536
472561
472563
472613
472615
472631
472635
472651
472653
473125
473126
473152
473156
473162
473165
473215
473216
473251
473256
473261
473265
473512
473516
473521
473526
473561
473562
473612
473615
473621
473625
473651
473652
475123
475126
475132
475136
475162
475163
475213
475216
475231
475236
475261
475263
475312
475316
475321
475326
475361
475362
475612
475613
475621
475623
475631
475632
476123
476125
476132
476135
476152
476153
476213
476215
476231
476235
476251
476253
476312
476315
476321
476325
476351
476352
476512
476513
476521
476523
476531
476532
512346
512347
512364
512367
512374
512376
512436
512437
512463
512467
512473
512476
512634
512637
512643
512647
512673
512674
512734
512736
512743
512746
512763
512764
513246
513247
513264
513267
513274
513276
513426
513427
513462
513467
513472
513476
513624
513627
513642
513647
513672
513674
513724
513726
513742
513746
513762
513764
514236
514237
514263
514267
514273
514276
514326
514327
514362
514367
514372
514376
514623
514627
514632
514637
514672
514673
514723
514726
514732
514736
514762
514763
516234
516237
516243
516247
516273
516274
516324
516327
516342
516347
516372
516374
516423
516427
516432
516437
516472
516473
516723
516724
516732
516734
516742
516743
517234
517236
517243
517246
517263
517264
517324
517326
517342
517346
517362
517364
517423
517426
517432
517436
517462
517463
517623
517624
517632
517634
517642
517643
521346
521347
521364
521367
521374
521376
521436
521437
521463
521467
521473
521476
521634
521637
521643
521647
521673
521674
521734
521736
521743
521746
521763
521764
523146
523147
523164
523167
523174
523176
523416
523417
523461
523467
523471
523476
523614
523617
523641
523647
523671
523674
523714
523716
523741
523746
523761
523764
524136
524137
524163
524167
524173
524176
524316
524317
524361
524367
524371
524376
524613
524617
524631
524637
524671
524673
524713
524716
524731
524736
524761
524763
526134
526137
526143
526147
526173
526174
526314
526317
526341
526347
526371
526374
526413
526417
526431
526437
526471
526473
526713
526714
526731
526734
526741
526743
527134
527136
527143
527146
527163
527164
527314
527316
527341
527346
527361
527364
527413
527416
527431
527436
527461
527463
527613
527614
527631
527634
527641
527643
531246
531247
531264
531267
531274
531276
531426
531427
531462
531467
531472
531476
531624
531627
531642
531647
531672
531674
531724
531726
531742
531746
531762
531764
532146
532147
532164
532167
532174
532176
532416
532417
532461
532467
532471
532476
532614
532617
532641
532647
532671
532674
532714
532716
532741
532746
532761
532764
534126
534127
534162
534167
534172
534176
534216
534217
534261
534267
534271
534276
534612
534617
534621
534627
534671
534672
534712
534716
534721
534726
534761
534762
536124
536127
536142
536147
536172
536174
536214
536217
536241
536247
536271
536274
536412
536417
536421
536427
536471
536472
536712
536714
536721
536724
536741
536742
537124
537126
537142
537146
537162
537164
537214
537216
537241
537246
537261
537264
537412
537416
537421
537426
537461
537462
537612
537614
537621
537624
537641
537642
541236
541237
541263
541267
541273
541276
541326
541327
541362
541367
541372
541376
541623
541627
541632
541637
541672
541673
541723
541726
541732
541736
541762
541763
542136
542137
542163
542167
542173
542176
542316
542317
542361
542367
542371
542376
542613
542617
542631
542637
542671
542673
542713
542716
542731
542736
542761
542763
543126
543127
543162
543167
543172
543176
543216
543217
543261
543267
543271
543276
543612
543617
543621
543627
543671
543672
543712
543716
543721
543726
543761
543762
546123
546127
546132
546137
546172
546173
546213
546217
546231
546237
546271
546273
546312
546317
546321
546327
546371
546372
546712
546713
546721
546723
546731
546732
547123
547126
547132
547136
547162
547163
547213
547216
547231
547236
547261
547263
547312
547316
547321
547326
547361
547362
547612
547613
547621
547623
547631
547632
561234
561237
561243
561247
561273
561274
561324
561327
561342
561347
561372
561374
561423
561427
561432
561437
561472
561473
561723
561724
561732
561734
561742
561743
562134
562137
562143
562147
562173
562174
562314
562317
562341
562347
562371
562374
562413
562417
562431
562437
562471
562473
562713
562714
562731
562734
562741
562743
563124
563127
563142
563147
563172
563174
563214
563217
563241
563247
563271
563274
563412
563417
563421
563427
563471
563472
563712
563714
563721
563724
563741
563742
564123
564127
564132
564137
564172
564173
564213
564217
564231
564237
564271
564273
564312
564317
564321
564327
564371
564372
564712
564713
564721
564723
564731
564732
567123
567124
567132
567134
567142
567143
567213
567214
567231
567234
567241
567243
567312
567314
567321
567324
567341
567342
567412
567413
567421
567423
567431
567432
571234
571236
571243
571246
571263
571264
571324
571326
571342
571346
571362
571364
571423
571426
571432
571436
571462
571463
571623
571624
571632
571634
571642
571643
572134
572136
572143
572146
572163
572164
572314
572316
572341
572346
572361
572364
572413
572416
572431
572436
572461
572463
572613
572614
572631
572634
572641
572643
573124
573126
573142
573146
573162
573164
573214
573216
573241
573246
573261
573264
573412
573416
573421
573426
573461
573462
573612
573614
573621
573624
573641
573642
574123
574126
574132
574136
574162
574163
574213
574216
574231
574236
574261
574263
574312
574316
574321
574326
574361
574362
574612
574613
574621
574623
574631
574632
576123
576124
576132
576134
576142
576143
576213
576214
576231
576234
576241
576243
576312
576314
576321
576324
576341
576342
576412
576413
576421
576423
576431
576432
612345
612347
612354
612357
612374
612375
612435
612437
612453
612457
612473
612475
612534
612537
612543
612547
612573
612574
612734
612735
612743
612745
612753
612754
613245
613247
613254
613257
613274
613275
613425
613427
613452
613457
613472
613475
613524
613527
613542
613547
613572
613574
613724
613725
613742
613745
613752
613754
614235
614237
614253
614257
614273
614275
614325
614327
614352
614357
614372
614375
614523
614527
614532
614537
614572
614573
614723
614725
614732
614735
614752
614753
615234
615237
615243
615247
615273
615274
615324
615327
615342
615347
615372
615374
615423
615427
615432
615437
615472
615473
615723
615724
615732
615734
615742
615743
617234
617235
617243
617245
617253
617254
617324
617325
617342
617345
617352
617354
617423
617425
617432
617435
617452
617453
617523
617524
617532
617534
617542
617543
621345
621347
621354
621357
621374
621375
621435
621437
621453
621457
621473
621475
621534
621537
621543
621547
621573
621574
621734
621735
621743
621745
621753
621754
623145
623147
623154
623157
623174
623175
623415
623417
623451
623457
623471
623475
623514
623517
623541
623547
623571
623574
623714
623715
623741
623745
623751
623754
624135
624137
624153
624157
624173
624175
624315
624317
624351
624357
624371
624375
624513
624517
624531
624537
624571
624573
624713
624715
624731
624735
624751
624753
625134
625137
625143
625147
625173
625174
625314
625317
625341
625347
625371
625374
625413
625417
625431
625437
625471
625473
625713
625714
625731
625734
625741
625743
627134
627135
627143
627145
627153
627154
627314
627315
627341
627345
627351
627354
627413
627415
627431
627435
627451
627453
627513
627514
627531
627534
627541
627543
631245
631247
631254
631257
631274
631275
631425
631427
631452
631457
631472
631475
631524
631527
631542
631547
631572
631574
631724
631725
631742
631745
631752
631754
632145
632147
632154
632157
632174
632175
632415
632417
632451
632457
632471
632475
632514
632517
632541
632547
632571
632574
632714
632715
632741
632745
632751
632754
634125
634127
634152
634157
634172
634175
634215
634217
634251
634257
634271
634275
634512
634517
634521
634527
634571
634572
634712
634715
634721
634725
634751
634752
635124
635127
635142
635147
635172
635174
635214
635217
635241
635247
635271
635274
635412
635417
635421
635427
635471
635472
635712
635714
635721
635724
635741
635742
637124
637125
637142
637145
637152
637154
637214
637215
637241
637245
637251
637254
637412
637415
637421
637425
637451
637452
637512
637514
637521
637524
637541
637542
641235
641237
641253
641257
641273
641275
641325
641327
641352
641357
641372
641375
641523
641527
641532
641537
641572
641573
641723
641725
641732
641735
641752
641753
642135
642137
642153
642157
642173
642175
642315
642317
642351
642357
642371
642375
642513
642517
642531
642537
642571
642573
642713
642715
642731
642735
642751
642753
643125
643127
643152
643157
643172
643175
643215
643217
643251
643257
643271
643275
643512
643517
643521
643527
643571
643572
643712
643715
643721
643725
643751
643752
645123
645127
645132
645137
645172
645173
645213
645217
645231
645237
645271
645273
645312
645317
645321
645327
645371
645372
645712
645713
645721
645723
645731
645732
647123
647125
647132
647135
647152
647153
647213
647215
647231
647235
647251
647253
647312
647315
647321
647325
647351
647352
647512
647513
647521
647523
647531
647532
651234
651237
651243
651247
651273
651274
651324
651327
651342
651347
651372
651374
651423
651427
651432
651437
651472
651473
651723
651724
651732
651734
651742
651743
652134
652137
652143
652147
652173
652174
652314
652317
652341
652347
652371
652374
652413
652417
652431
652437
652471
652473
652713
652714
652731
652734
652741
652743
653124
653127
653142
653147
653172
653174
653214
653217
653241
653247
653271
653274
653412
653417
653421
653427
653471
653472
653712
653714
653721
653724
653741
653742
654123
654127
654132
654137
654172
654173
654213
654217
654231
654237
654271
654273
654312
654317
654321
654327
654371
654372
654712
654713
654721
654723
654731
654732
657123
657124
657132
657134
657142
657143
657213
657214
657231
657234
657241
657243
657312
657314
657321
657324
657341
657342
657412
657413
657421
657423
657431
657432
671234
671235
671243
671245
671253
671254
671324
671325
671342
671345
671352
671354
671423
671425
671432
671435
671452
671453
671523
671524
671532
671534
671542
671543
672134
672135
672143
672145
672153
672154
672314
672315
672341
672345
672351
672354
672413
672415
672431
672435
672451
672453
672513
672514
672531
672534
672541
672543
673124
673125
673142
673145
673152
673154
673214
673215
673241
673245
673251
673254
673412
673415
673421
673425
673451
673452
673512
673514
673521
673524
673541
673542
674123
674125
674132
674135
674152
674153
674213
674215
674231
674235
674251
674253
674312
674315
674321
674325
674351
674352
674512
674513
674521
674523
674531
674532
675123
675124
675132
675134
675142
675143
675213
675214
675231
675234
675241
675243
675312
675314
675321
675324
675341
675342
675412
675413
675421
675423
675431
675432
712345
712346
712354
712356
712364
712365
712435
712436
712453
712456
712463
712465
712534
712536
712543
712546
712563
712564
712634
712635
712643
712645
712653
712654
713245
713246
713254
713256
713264
713265
713425
713426
713452
713456
713462
713465
713524
713526
713542
713546
713562
713564
713624
713625
713642
713645
713652
713654
714235
714236
714253
714256
714263
714265
714325
714326
714352
714356
714362
714365
714523
714526
714532
714536
714562
714563
714623
714625
714632
714635
714652
714653
715234
715236
715243
715246
715263
715264
715324
715326
715342
715346
715362
715364
715423
715426
715432
715436
715462
715463
715623
715624
715632
715634
715642
715643
716234
716235
716243
716245
716253
716254
716324
716325
716342
716345
716352
716354
716423
716425
716432
716435
716452
716453
716523
716524
716532
716534
716542
716543
721345
721346
721354
721356
721364
721365
721435
721436
721453
721456
721463
721465
721534
721536
721543
721546
721563
721564
721634
721635
721643
721645
721653
721654
723145
723146
723154
723156
723164
723165
723415
723416
723451
723456
723461
723465
723514
723516
723541
723546
723561
723564
723614
723615
723641
723645
723651
723654
724135
724136
724153
724156
724163
724165
724315
724316
724351
724356
724361
724365
724513
724516
724531
724536
724561
724563
724613
724615
724631
724635
724651
724653
725134
725136
725143
725146
725163
725164
725314
725316
725341
725346
725361
725364
725413
725416
725431
725436
725461
725463
725613
725614
725631
725634
725641
725643
726134
726135
726143
726145
726153
726154
726314
726315
726341
726345
726351
726354
726413
726415
726431
726435
726451
726453
726513
726514
726531
726534
726541
726543
731245
731246
731254
731256
731264
731265
731425
731426
731452
731456
731462
731465
731524
731526
731542
731546
731562
731564
731624
731625
731642
731645
731652
731654
732145
732146
732154
732156
732164
732165
732415
732416
732451
732456
732461
732465
732514
732516
732541
732546
732561
732564
732614
732615
732641
732645
732651
732654
734125
734126
734152
734156
734162
734165
734215
734216
734251
734256
734261
734265
734512
734516
734521
734526
734561
734562
734612
734615
734621
734625
734651
734652
735124
735126
735142
735146
735162
735164
735214
735216
735241
735246
735261
735264
735412
735416
735421
735426
735461
735462
735612
735614
735621
735624
735641
735642
736124
736125
736142
736145
736152
736154
736214
736215
736241
736245
736251
736254
736412
736415
736421
736425
736451
736452
736512
736514
736521
736524
736541
736542
741235
741236
741253
741256
741263
741265
741325
741326
741352
741356
741362
741365
741523
741526
741532
741536
741562
741563
741623
741625
741632
741635
741652
741653
742135
742136
742153
742156
742163
742165
742315
742316
742351
742356
742361
742365
742513
742516
742531
742536
742561
742563
742613
742615
742631
742635
742651
742653
743125
743126
743152
743156
743162
743165
743215
743216
743251
743256
743261
743265
743512
743516
743521
743526
743561
743562
743612
743615
743621
743625
743651
743652
745123
745126
745132
745136
745162
745163
745213
745216
745231
745236
745261
745263
745312
745316
745321
745326
745361
745362
745612
745613
745621
745623
745631
745632
746123
746125
746132
746135
746152
746153
746213
746215
746231
746235
746251
746253
746312
746315
746321
746325
746351
746352
746512
746513
746521
746523
746531
746532
751234
751236
751243
751246
751263
751264
751324
751326
751342
751346
751362
751364
751423
751426
751432
751436
751462
751463
751623
751624
751632
751634
751642
751643
752134
752136
752143
752146
752163
752164
752314
752316
752341
752346
752361
752364
752413
752416
752431
752436
752461
752463
752613
752614
752631
752634
752641
752643
753124
753126
753142
753146
753162
753164
753214
753216
753241
753246
753261
753264
753412
753416
753421
753426
753461
753462
753612
753614
753621
753624
753641
753642
754123
754126
754132
754136
754162
754163
754213
754216
754231
754236
754261
754263
754312
754316
754321
754326
754361
754362
754612
754613
754621
754623
754631
754632
756123
756124
756132
756134
756142
756143
756213
756214
756231
756234
756241
756243
756312
756314
756321
756324
756341
756342
756412
756413
756421
756423
756431
756432
761234
761235
761243
761245
761253
761254
761324
761325
761342
761345
761352
761354
761423
761425
761432
761435
761452
761453
761523
761524
761532
761534
761542
761543
762134
762135
762143
762145
762153
762154
762314
762315
762341
762345
762351
762354
762413
762415
762431
762435
762451
762453
762513
762514
762531
762534
762541
762543
763124
763125
763142
763145
763152
763154
763214
763215
763241
763245
763251
763254
763412
763415
763421
763425
763451
763452
763512
763514
763521
763524
763541
763542
764123
764125
764132
764135
764152
764153
764213
764215
764231
764235
764251
764253
764312
764315
764321
764325
764351
764352
764512
764513
764521
764523
764531
764532
765123
765124
765132
765134
765142
765143
765213
765214
765231
765234
765241
765243
765312
765314
765321
765324
765341
765342
765412
765413
765421
765423
765431
765432
