123
124
125
126
127
128
129
1210
132
134
135
136
137
138
139
1310
142
143
145
146
147
148
149
1410
152
153
154
156
157
158
159
1510
162
163
164
165
167
168
169
1610
172
173
174
175
176
178
179
1710
182
183
184
185
186
187
189
1810
192
193
194
195
196
197
198
1910
1102
1103
1104
1105
1106
1107
1108
1109
213
214
215
216
217
218
219
2110
231
234
235
236
237
238
239
2310
241
243
245
246
247
248
249
2410
251
253
254
256
257
258
259
2510
261
263
264
265
267
268
269
2610
271
273
274
275
276
278
279
2710
281
283
284
285
286
287
289
2810
291
293
294
295
296
297
298
2910
2101
2103
2104
2105
2106
2107
2108
2109
312
314
315
316
317
318
319
3110
321
324
325
326
327
328
329
3210
341
342
345
346
347
348
349
3410
351
352
354
356
357
358
359
3510
361
362
364
365
367
368
369
3610
371
372
374
375
376
378
379
3710
381
382
384
385
386
387
389
3810
391
392
394
395
396
397
398
3910
3101
3102
3104
3105
3106
3107
3108
3109
412
413
415
416
417
418
419
4110
421
423
425
426
427
428
429
4210
431
432
435
436
437
438
439
4310
451
452
453
456
457
458
459
4510
461
462
463
465
467
468
469
4610
471
472
473
475
476
478
479
4710
481
482
483
485
486
487
489
4810
491
492
493
495
496
497
498
4910
4101
4102
4103
4105
4106
4107
4108
4109
512
513
514
516
517
518
519
5110
521
523
524
526
527
528
529
5210
531
532
534
536
537
538
539
5310
541
542
543
546
547
548
549
5410
561
562
563
564
567
568
569
5610
571
572
573
574
576
578
579
5710
581
582
583
584
586
587
589
5810
591
592
593
594
596
597
598
5910
5101
5102
5103
5104
5106
5107
5108
5109
612
613
614
615
617
618
619
6110
621
623
624
625
627
628
629
6210
631
632
634
635
637
638
639
6310
641
642
643
645
647
648
649
6410
651
652
653
654
657
658
659
6510
671
672
673
674
675
678
679
6710
681
682
683
684
685
687
689
6810
691
692
693
694
695
697
698
6910
6101
6102
6103
6104
6105
6107
6108
6109
712
713
714
715
716
718
719
7110
721
723
724
725
726
728
729
7210
731
732
734
735
736
738
739
7310
741
742
743
745
746
748
749
7410
751
752
753
754
756
758
759
7510
761
762
763
764
765
768
769
7610
781
782
783
784
785
786
789
7810
791
792
793
794
795
796
798
7910
7101
7102
7103
7104
7105
7106
7108
7109
812
813
814
815
816
817
819
8110
821
823
824
825
826
827
829
8210
831
832
834
835
836
837
839
8310
841
842
843
845
846
847
849
8410
851
852
853
854
856
857
859
8510
861
862
863
864
865
867
869
8610
871
872
873
874
875
876
879
8710
891
892
893
894
895
896
897
8910
8101
8102
8103
8104
8105
8106
8107
8109
912
913
914
915
916
917
918
9110
921
923
924
925
926
927
928
9210
931
932
934
935
936
937
938
9310
941
942
943
945
946
947
948
9410
951
952
953
954
956
957
958
9510
961
962
963
964
965
967
968
9610
971
972
973
974
975
976
978
9710
981
982
983
984
985
986
987
9810
9101
9102
9103
9104
9105
9106
9107
9108
1012
1013
1014
1015
1016
1017
1018
1019
1021
1023
1024
1025
1026
1027
1028
1029
1031
1032
1034
1035
1036
1037
1038
1039
1041
1042
1043
1045
1046
1047
1048
1049
1051
1052
1053
1054
1056
1057
1058
1059
1061
1062
1063
1064
1065
1067
1068
1069
1071
1072
1073
1074
1075
1076
1078
1079
1081
1082
1083
1084
1085
1086
1087
1089
1091
1092
1093
1094
1095
1096
1097
1098
