300
652609562993473 885780242
652609580991726 198799232
652609524696658 624771541
652609524643610 880596269
652609563191287 57130671
652609517736693 417346973
652609579723508 728210682
652609568362389 415718121
652609571887983 81985373
652609549274537 515914387
652609520771612 997794786
652609545326761 599391917
652609573613035 544109881
652609554669171 505070176
652609607351777 66738776
652609579240581 885502275
652609558595258 722737534
652609612355969 365049884
652609519547929 147058215
652609561662871 349822396
652609601260377 511897063
652609604285588 323205322
652609539503823 252609234
652609570288912 53750588
652609588991387 738861209
652609516602710 517324015
652609572634180 171458312
652609558876512 78112680
652609598162947 347433081
652609529416689 752987155
652609528590868 457569111
652609605889332 738842827
652609588739749 375202828
652609608063712 998756764
652609565024112 179098260
652609586912012 154578521
652609529123859 659352095
652609571712053 930841779
652609554580765 436973213
652609561107875 55710699
652609534850403 564361758
652609600575807 711496569
652609531500701 910944357
652609612428081 823702967
652609560399071 573548269
652609610888965 838210743
652609594688741 570296704
652609531766228 123733841
652609585803370 383528891
652609572244805 33741441
652609547091250 748826627
652609607281213 566472946
652609596706856 967163146
652609588069307 776272590
652609525879259 892474776
652609543600285 711079103
652609557873367 186973942
652609558389914 966526445
652609560143504 349062314
652609609138789 116646606
652609608398152 393612568
652609554819083 429874405
652609574935746 906030052
652609534824597 325742694
652609581202088 814905304
652609538631763 218248300
652609546935678 972915671
652609544031973 960287880
652609560050605 922663867
652609529858052 872332895
652609571420442 826635885
652609529146365 294098753
652609583170830 539873684
652609523601536 891029752
652609572888224 519605529
652609606470581 399300004
652609546297915 439551355
652609532278706 712295284
652609601021907 527345496
652609581774818 198666737
652609596678530 787782493
652609522592744 669657605
652609541456327 142154049
652609570684764 266817410
652609572581120 98996723
652609592310723 858184642
652609521447984 347588843
652609612166265 498828627
652609606459298 481228807
652609548839400 202907597
652609547863593 795020766
652609539148825 24948609
652609536704149 183276629
652609515686327 203646896
652609594542133 454346288
652609555219214 220806629
652609521329144 449073980
652609529042409 426598930
652609548468500 141251379
652609589577526 107304606
652609607454264 339147282
652609531284901 505272375
652609569282990 984818081
652609607656437 298749112
652609603005404 972203401
652609578065443 392865816
652609593791849 910439518
652609548741547 522722442
652609605256687 494736303
652609554345429 953513520
652609532961330 599550157
652609563900760 351894884
652609534355735 739836315
652609600771330 648559026
652609551288182 293981183
652609553673941 229644917
652609540081334 842090303
652609564173154 585312128
652609536404120 105526837
652609556976656 115329480
652609537930678 547480554
652609574581280 636420600
652609568963316 125312765
652609562701904 103471908
652609588499298 566488933
652609607396224 42539411
652609544409853 476021426
652609581425027 505175448
652609531482841 226709223
652609608323660 566232779
652609596528515 515001851
652609571453880 929737033
652609544267923 393181042
652609584740357 501526820
652609533433347 742062803
652609557193956 26141932
652609559918225 203118461
652609606185896 95068329
652609571915599 139012458
652609585120363 738119653
652609518204170 931174895
652609605363547 17104732
652609554448959 169917065
652609522820209 924539307
652609555141623 419821684
652609577055706 115551305
652609524681551 169501727
652609540404464 62796625
652609566822192 964380487
652609538741234 936847143
652609530032256 143133008
652609527112358 707139246
652609583690136 578735308
652609536060975 599186441
652609550205072 910968843
652609521117474 966883360
652609522963572 963879381
652609598087041 429022933
652609549715772 463739173
652609535721621 60852480
652609549770826 447108868
652609536860530 743800616
652609608439595 863240939
652609520337721 259499657
652609594391778 797820101
652609552279860 690816253
652609528630474 149102095
652609567929836 454092684
652609553994637 442693169
652609556746390 32721429
652609590646270 102127137
652609591089260 390062171
652609556374972 17313950
652609533219351 715239268
652609581165812 724277681
652609600733645 862345414
652609543405554 688350665
652609543862687 969056871
652609578925094 701803817
652609538902340 470672236
652609524211764 482168553
652609540277100 941501281
652609598969098 342276606
652609600312906 632713411
652609526832249 453194672
652609588256650 586414065
652609606920532 611270948
652609598480860 279202326
652609533952739 411729691
652609606996021 874792817
652609555596117 733879132
652609550502688 485781916
652609551421275 565772097
652609521730286 260130790
652609602280624 450423272
652609584456682 894429617
652609562805547 571392398
652609586211971 650846436
652609589194979 652934296
652609538973822 758206766
652609514380744 443251812
652609531100298 445303260
652609576818297 686847667
652609608698853 914975979
652609572171696 394338495
652609540618397 721022561
652609579030047 790414222
652609560331002 689672200
652609518804168 432785226
652609536596080 754320868
652609558527497 328687823
652609520545969 929564487
652609522280207 589613068
652609540589456 37885491
652609564852859 668604122
652609550424005 940818150
652609521544878 889448512
652609571677960 100834944
652609523141500 340075938
652609576778452 242182050
652609605599738 378316946
652609543359907 813597034
652609571092625 525159898
652609524435217 838682021
652609567776538 107066016
652609606258812 840747815
652609610885640 631456572
652609558631107 981902278
652609574944804 687868082
652609537124256 928682801
652609598156222 477234693
652609608963497 853601936
652609527522030 846405270
652609575410056 285239333
652609612246744 575423112
652609598403907 680758052
652609528394344 440925329
652609523479114 46426707
652609596399509 452800293
652609527773833 740922307
652609607561223 924346934
652609566667910 895873164
652609593513418 118323130
652609609004677 308417827
652609573013264 804962349
652609523117907 622057770
652609560729922 960951710
652609592151385 14644337
652609612732567 704303717
652609575908631 699376600
652609537746813 612608474
652609517928306 698619811
652609528830833 634834810
652609591957374 610885742
652609553975726 6954390
652609582415039 752241425
652609515929700 452312750
652609515986638 281700107
652609551277399 809051841
652609585937648 756394485
652609527325597 466478940
652609606470492 544215208
652609571185554 848626404
652609546317351 370818650
652609531335316 690596483
652609562668599 219465188
652609587487556 723098522
652609515162689 940527426
652609581853469 816796911
652609590148154 380483207
652609560918683 662641083
652609602608606 965697076
652609551540660 965142723
652609547578860 609839254
652609606334446 663809017
652609583806425 151272716
652609596930080 40082019
652609597550359 88377447
652609575266986 316209790
652609553881661 717649100
652609598162856 234671832
652609558979802 994490829
652609580445083 455933832
652609573583024 647845869
652609582445378 302488090
652609588725886 958173058
652609550079971 603618551
652609544719396 558221478
652609611194629 8449775
652609601184571 149752244
652609526783691 986450172
652609590930131 482310471
652609548101141 25655879
652609564765374 482406410
652609602834502 219146365
652609524574358 715687916
652609518814502 202618920
652609559894317 804633344
652609609991593 628778152
652609517646582 97237063
