9863 9863 9842 9721 9721 9721 9721 9654 9654 9654 9654 9656 9656 9656 9656 9656 9656 9656 9782 9834 9834 9834 9947 9947 9947 9947 9969 9969 9969 9969 9969 9969 
9863 9863 9842 9721 9721 9721 9721 9654 9654 9654 9654 9656 9656 9656 9656 9656 9656 9656 9782 9834 9834 9834 9947 9947 9947 9947 9969 9969 9969 9969 9969 9969 
9863 9863 9842 9721 9721 9721 9721 9654 9654 9654 9654 9656 9656 9656 9656 9656 9656 9656 9782 9834 9834 9834 9947 9947 9947 9947 9969 9969 9969 9969 9969 9969 
9863 9863 9842 9824 9824 9721 9721 9654 9905 9905 9905 9905 9905 9905 9905 9905 9905 9656 9782 9834 9834 9834 9947 9947 9947 9947 9969 9969 9969 9969 9969 9969 
9863 9863 9842 9824 9824 9721 9721 9654 9905 9905 9905 9905 9905 9905 9905 9905 9905 9656 9782 9834 9834 9834 9947 9947 9947 9947 9969 9969 9969 9969 9969 9969 
9863 9863 9842 9824 9886 9886 9886 9886 9905 9905 9905 9905 9905 9905 9905 9905 9905 9656 9782 9834 9834 9834 9947 9947 9947 9947 9969 9969 9969 9969 9969 9969 
9863 9863 9842 9824 9886 9886 9886 9886 9905 9905 9905 9905 9905 9905 9905 9905 9905 9656 9782 9834 9834 9834 9947 9947 9947 9947 9969 9969 9969 9969 9969 9969 
9842 9842 9842 9824 9886 9886 9886 9886 9905 9905 9905 9905 9905 9905 9905 9905 9905 9656 9782 9834 9834 9834 9834 9834 9834 9942 9969 9969 9969 9969 9969 9969 
9842 9842 9842 9824 9886 9886 9886 9886 9905 9905 9905 9905 9905 9905 9905 9905 9905 9656 9782 9834 9834 9834 9834 9834 9834 9942 9969 9969 9969 9969 9969 9969 
9842 9842 9842 9824 9886 9886 9886 9886 9905 9905 9905 9905 9905 9905 9905 9905 9905 9690 9782 9834 9834 9834 9834 9834 9834 9942 9969 9969 9969 9969 9969 9969 
9842 9842 9842 9824 9886 9886 9886 9886 9905 9905 9905 9975 9975 9975 9975 9975 9975 9975 9975 9975 9834 9834 9834 9834 9834 9942 9969 9969 9969 9969 9969 9969 
9842 9842 9842 9824 9886 9886 9886 9886 9905 9905 9905 9975 9975 9975 9975 9975 9975 9975 9975 9975 9834 9834 9834 9834 9834 9942 9969 9969 9969 9969 9969 9969 
9842 9842 9842 9824 9886 9886 9886 9886 9905 9905 9905 9975 9975 9975 9975 9975 9975 9975 9975 9975 9834 9834 9834 9834 9834 9834 9969 9969 9969 9969 9969 9969 
9842 9842 9842 9824 9886 9886 9886 9886 9905 9905 9905 9975 9975 9975 9975 9975 9975 9975 9975 9975 9834 9834 9834 9834 9834 9834 9969 9969 9969 9969 9969 9969 
9842 9842 9842 9824 9886 9886 9886 9886 9905 9905 9905 9975 9975 9975 9975 9975 9975 9975 9975 9975 9834 9834 9834 9834 9834 9834 9834 9834 9786 9955 9955 9955 
9916 9916 9916 9824 9886 9886 9886 9886 9905 9905 9905 9975 9975 9975 9975 9975 9975 9975 9975 9975 9834 9834 9834 9834 9834 9834 9834 9834 9786 9955 9955 9955 
9916 9916 9916 9824 9886 9886 9886 9886 9905 9905 9905 9975 9975 9975 9975 9975 9975 9975 9975 9975 9834 9834 9834 9834 9834 9834 9834 9834 9786 9955 9955 9955 
