10
26 4
5 4 3 5 4 5 1 2 4 5 1 3 2 5 5 2 5 3 3 4 4 3 2 5 2 2
49 4
3 4 2 1 3 3 4 5 2 5 3 5 2 3 3 4 4 3 4 3 3 3 2 5 3 2 5 4 4 4 4 5 4 1 1 2 2 5 5 5 3 1 4 5 4 5 5 4 3
10 5
1 2 3 3 4 3 4 4 2 5
17 1
5 5 4 2 5 3 3 4 1 1 3 2 5 4 5 3 4
41 3
2 4 3 1 1 4 3 1 5 5 2 2 3 4 1 2 2 5 4 3 3 3 5 5 5 3 3 3 5 5 2 3 3 5 2 4 2 1 2 2 3
46 8
7 9 6 8 11 4 9 9 2 12 12 8 7 7 8 10 6 3 4 7 11 15 8 5 10 5 9 11 8 12 6 7 12 2 6 9 5 6 8 5 6 5 3 7 5 14
30 5
3 4 5 13 11 5 4 13 2 5 14 12 5 1 9 7 13 13 11 13 10 14 8 13 11 11 10 7 8 11
50 10
12 10 7 9 4 6 7 12 13 5 1 14 8 11 2 2 13 9 13 14 9 13 9 14 10 13 3 1 14 11 5 11 2 13 10 9 10 5 10 5 13 15 1 10 7 8 10 15 14 5
81 8
14 3 5 11 13 13 7 10 5 6 11 12 14 10 15 6 13 12 11 13 2 1 7 15 6 9 2 15 10 14 3 13 7 10 10 15 7 8 8 10 3 13 9 15 6 13 2 2 15 4 3 11 8 11 3 3 15 15 6 4 3 5 3 4 3 1 3 6 6 6 12 6 3 9 13 6 15 2 13 8 3
10000 37
2 3 3 2 3 3 3 1 2 3 2 1 2 3 3 2 2 3 1 1 3 2 3 1 1 1 1 1 3 3 3 3 2 2 3 2 3 3 3 3 1 3 3 2 2 3 3 1 2 2 1 3 1 3 3 2 2 2 2 3 3 2 3 1 2 2 1 1 1 3 1 1 3 2 3 3 3 1 1 1 3 2 1 3 1 1 1 2 1 1 3 2 2 1 3 1 1 3 1 2 2 3 2 3 1 1 3 2 3 2 3 1 1 2 3 2 1 2 1 3 1 2 1 2 2 1 3 2 1 1 1 2 3 1 3 2 1 1 2 2 1 1 1 1 1 2 3 1 3 3 2 2 1 1 2 2 2 1 2 3 1 3 1 1 3 3 2 1 3 1 1 2 3 3 1 2 2 1 2 2 1 3 1 2 3 1 3 2 1 3 2 1 3 3 1 1 3 2 1 3 1 3 2 1 2 3 2 2 2 2 3 2 1 2 1 2 3 3 2 1 3 1 3 1 2 1 2 3 1 2 2 2 3 2 1 2 1 1 1 3 1 3 2 2 2 3 1 3 1 2 2 1 2 3 1 1 2 2 2 1 1 3 3 1 3 2 1 2 1 1 1 1 1 2 3 1 2 3 3 2 1 3 1 3 2 3 1 3 2 3 3 3 2 1 3 1 2 1 1 3 2 1 3 3 3 1 1 2 1 3 1 2 2 2 1 2 3 3 3 2 3 1 3 2 2 3 3 1 1 3 1 2 3 3 3 1 2 2 3 1 3 3 3 3 3 2 1 1 1 1 3 1 3 1 3 2 3 3 3 2 3 3 3 3 1 3 1 2 1 3 1 1 1 2 1 3 3 1 3 2 3 3 2 1 2 3 1 2 2 1 1 1 2 3 3 1 3 1 3 1 3 1 3 2 1 2 1 2 1 1 2 1 3 1 2 3 3 1 1 2 1 3 3 1 1 3 3 3 2 2 3 3 3 2 3 3 3 1 3 2 1 1 2 3 3 1 1 1 3 1 3 2 3 1 1 1 2 3 1 2 1 1 3 1 2 2 1 1 2 3 2 1 3 1 2 2 1 1 3 3 3 3 1 1 2 3 1 3 1 2 2 1 2 2 3 1 1 3 1 3 3 3 3 2 1 1 2 1 2 1 1 1 2 2 1 3 1 2 2 1 1 1 2 1 3 3 1 1 1 2 1 2 2 3 2 1 2 3 1 1 2 2 2 2 2 1 3 3 1 1 3 3 2 3 1 3 1 3 3 1 2 2 1 3 3 2 2 2 3 1 3 2 3 2 3 1 3 3 2 1 2 3 1 2 1 2 1 2 2 2 3 1 2 1 3 3 2 1 3 3 2 1 3 2 3 1 2 2 1 1 3 2 2 2 3 2 3 3 3 3 2 1 3 2 3 3 1 3 3 1 2 3 3 3 2 3 3 3 1 3 1 3 2 2 1 2 1 3 1 2 1 1 1 1 3 1 2 3 2 2 2 1 2 1 1 1 3 1 1 2 1 2 3 1 1 3 2 3 3 3 1 3 1 1 2 2 2 2 2 1 2 3 2 3 2 3 1 1 2 2 2 3 1 2 2 1 1 2 2 2 1 3 3 1 2 3 1 2 3 3 3 3 1 2 2 1 2 2 3 2 3 1 3 2 1 2 3 1 2 3 2 2 3 3 2 1 3 1 3 1 2 2 1 1 1 3 1 2 1 2 3 1 3 1 3 3 1 3 3 2 1 2 3 1 3 1 1 1 3 1 1 2 1 3 3 3 3 1 2 2 2 1 3 1 1 2 3 3 3 1 1 3 3 1 1 3 1 3 3 1 2 2 3 3 2 1 2 3 1 2 1 1 2 2 2 2 2 3 2 2 1 1 1 1 2 1 3 3 3 2 2 2 2 2 3 1 2 1 1 2 3 3 1 2 1 1 2 2 2 2 1 1 2 3 2 1 2 1 2 2 3 2 3 3 3 2 2 2 1 1 1 1 2 3 2 3 3 3 2 1 2 2 2 2 2 2 2 2 3 2 3 3 2 3 3 3 1 1 2 2 3 3 2 3 1 2 1 3 1 2 2 1 3 3 1 1 3 1 3 3 1 1 1 1 3 1 3 2 1 1 2 2 3 2 1 1 1 3 1 1 1 1 3 3 1 3 3 2 3 2 2 2 2 3 1 1 2 3 2 2 2 2 2 2 1 3 2 3 1 2 1 2 2 3 1 1 1 2 2 3 1 1 1 1 2 1 3 2 1 2 2 2 3 3 3 1 1 2 3 1 1 2 1 3 2 3 2 2 1 2 2 3 1 1 1 2 2 1 2 2 1 2 3 3 2 1 1 1 3 3 1 3 2 3 1 3 1 1 1 2 1 2 2 2 2 3 1 3 3 2 1 3 2 1 3 1 1 1 2 3 1 1 2 2 3 1 3 1 3 1 1 1 1 2 2 2 3 1 2 2 3 3 2 3 2 3 1 2 2 2 3 2 1 2 2 3 3 3 2 1 2 1 1 2 3 2 3 3 2 2 3 3 3 1 2 1 1 1 2 1 2 1 2 1 3 1 1 1 1 2 1 1 1 1 3 3 2 1 2 3 3 2 3 1 2 1 1 1 1 2 1 3 2 2 2 1 3 1 2 1 1 2 2 2 3 1 3 1 3 3 1 2 3 1 2 2 3 2 3 2 3 3 1 3 3 3 3 1 2 2 3 2 1 2 2 1 1 1 2 3 1 2 3 1 3 2 3 1 1 1 3 1 2 1 2 3 2 3 3 1 1 1 3 2 3 3 3 1 3 1 1 2 3 2 2 2 3 3 3 1 3 2 2 2 1 3 3 2 2 1 1 1 3 1 2 2 3 2 1 3 1 3 2 2 1 1 3 1 2 1 3 2 3 1 1 2 2 2 3 3 2 2 3 2 1 1 3 2 2 1 2 3 1 1 2 1 3 3 1 3 1 3 2 3 2 1 1 1 1 2 3 1 1 2 3 3 2 2 2 2 3 2 3 3 2 3 1 3 1 1 3 3 1 3 2 2 3 2 3 2 1 2 2 2 2 1 2 3 2 3 1 2 3 3 1 1 3 2 1 2 1 1 2 2 2 3 3 2 1 3 1 3 3 1 3 3 2 1 2 3 2 1 2 3 1 3 2 1 1 3 3 3 1 2 2 3 1 1 1 2 2 3 3 3 3 2 2 1 1 2 1 2 2 1 2 3 1 2 3 3 1 2 1 2 1 2 3 2 3 1 1 1 3 1 3 3 3 3 3 3 2 3 1 3 3 1 3 3 1 2 1 3 3 3 3 2 2 3 2 3 1 3 3 2 1 2 3 3 2 2 1 1 3 2 2 1 2 2 2 2 1 2 2 2 1 3 3 3 3 3 3 3 1 3 1 2 2 2 2 3 3 1 1 2 2 1 1 2 2 1 3 1 1 2 1 2 3 1 3 1 1 1 2 1 2 2 2 2 3 3 3 3 1 3 2 2 2 1 3 2 3 2 1 3 2 2 3 1 3 1 2 1 3 3 1 3 1 2 3 3 2 1 3 2 1 3 2 3 2 2 3 2 3 3 1 3 1 3 1 1 2 2 2 2 2 1 3 3 3 1 2 1 3 1 2 2 3 1 1 3 1 3 2 3 2 2 2 2 3 3 1 2 1 2 1 3 3 2 1 3 1 3 3 2 3 2 3 3 1 2 2 2 3 2 2 1 1 1 1 2 2 2 1 3 1 1 2 3 2 1 3 2 3 1 2 1 3 2 1 1 2 1 2 1 1 3 2 3 3 2 2 1 2 2 2 1 3 3 2 1 1 2 1 1 1 1 2 3 1 2 1 1 3 3 2 2 3 3 2 3 2 1 1 3 2 2 1 2 1 1 2 2 2 1 2 2 2 2 2 3 1 2 1 2 2 1 3 2 3 3 1 3 1 3 3 2 3 2 2 3 2 2 2 2 3 3 2 2 1 1 2 2 2 1 1 1 1 1 1 2 2 3 2 1 3 2 1 3 1 1 3 2 2 1 3 2 2 1 1 2 3 3 3 1 1 1 1 3 1 2 3 3 2 2 3 2 1 3 2 2 3 1 2 1 2 1 2 1 1 2 1 1 1 3 1 1 2 2 1 2 2 2 1 3 2 2 1 2 1 3 2 1 3 2 1 3 2 2 2 2 2 3 2 3 2 3 1 2 1 1 2 1 3 1 3 2 1 2 1 2 1 3 2 2 2 3 2 3 3 2 1 2 3 2 3 3 2 3 1 2 1 2 1 1 2 3 2 3 1 2 2 1 3 3 1 1 1 3 2 1 3 2 2 2 3 2 1 1 1 3 2 3 3 3 2 2 2 2 1 2 2 1 3 3 3 1 3 3 1 2 2 3 1 2 1 2 3 3 3 1 1 1 1 1 3 2 3 2 3 1 2 2 3 1 3 3 3 2 2 1 3 1 1 1 2 2 3 3 2 2 2 1 3 1 1 2 3 1 3 1 1 2 1 2 3 1 1 2 1 3 3 1 2 2 2 2 1 2 3 2 2 2 2 3 3 2 3 1 1 2 1 3 3 2 2 1 2 2 2 1 1 2 3 2 3 2 2 3 2 2 1 1 1 3 3 1 3 3 1 3 3 3 3 1 3 3 3 1 1 1 2 3 2 1 2 2 2 1 3 1 3 3 2 2 1 1 2 1 1 3 1 3 3 2 3 3 2 2 3 2 3 3 2 1 2 1 2 2 1 2 2 2 1 1 2 2 2 3 1 2 2 1 3 1 1 2 1 1 3 2 1 3 2 2 1 2 3 2 3 3 1 2 1 2 3 1 1 2 2 1 2 2 3 2 1 3 3 1 2 3 1 3 1 2 1 3 1 3 3 1 1 2 3 3 1 1 3 1 1 2 1 3 2 3 3 2 3 2 3 1 1 2 3 2 1 3 3 3 3 3 1 3 2 3 2 1 3 3 1 2 1 2 1 2 2 2 3 1 2 1 3 2 1 1 3 3 1 1 3 2 2 1 1 1 1 2 3 1 3 2 1 1 1 3 1 3 1 3 2 1 3 2 3 3 3 2 1 2 3 1 2 1 3 2 1 1 1 1 2 2 3 2 3 1 3 2 2 2 1 1 2 2 1 2 3 1 2 2 1 2 3 2 1 2 2 2 3 1 3 3 3 1 3 3 3 3 1 2 2 2 3 3 1 2 1 2 3 2 2 3 3 3 2 3 1 3 3 3 2 3 1 1 3 2 3 1 3 1 2 2 2 1 2 2 1 3 2 2 2 2 2 1 2 2 1 2 1 2 2 1 3 2 2 1 2 3 3 1 2 2 1 2 3 1 1 2 2 1 1 3 1 2 3 2 1 1 1 2 3 1 3 1 3 2 2 3 3 1 2 2 2 2 3 1 1 2 3 3 2 2 3 2 1 3 3 3 2 1 2 2 3 1 2 3 1 1 3 3 2 3 3 2 1 2 1 3 2 1 1 2 1 1 1 1 3 1 2 1 2 1 1 3 2 3 2 3 2 1 1 2 1 1 3 2 1 3 2 1 2 1 2 2 1 1 1 2 2 3 2 1 1 1 1 2 2 1 1 3 2 1 1 1 1 3 1 3 1 1 3 2 2 3 3 2 1 2 3 2 1 1 1 2 3 2 2 3 2 2 3 1 1 2 3 1 1 1 2 3 2 1 3 3 3 3 2 2 1 2 2 3 3 1 3 1 3 1 3 3 1 1 1 2 1 2 2 1 2 1 1 1 1 1 2 3 1 3 3 1 2 2 2 3 3 2 1 3 1 2 3 2 2 3 2 1 2 2 3 3 2 2 3 3 2 3 1 3 1 3 3 1 1 1 1 1 3 3 2 3 3 2 3 1 2 2 2 2 3 1 1 1 3 2 1 1 1 3 3 3 1 1 2 1 2 3 3 1 1 2 2 3 3 2 3 3 3 3 3 1 1 2 1 3 1 2 2 3 2 3 3 1 2 3 3 2 2 2 3 3 3 1 1 3 3 1 1 1 1 1 3 2 2 3 3 1 3 3 1 3 1 1 1 1 1 3 1 2 2 2 3 3 1 1 3 2 1 1 3 3 1 2 1 3 1 1 1 1 1 1 1 1 2 3 1 3 1 3 1 2 2 1 1 3 1 3 1 3 1 3 1 3 2 3 3 1 2 1 3 1 3 2 2 3 1 1 3 3 1 1 2 1 1 3 1 1 3 2 2 2 1 2 2 1 3 1 2 3 1 1 1 1 1 1 3 3 2 2 3 3 1 2 1 2 3 2 2 3 2 1 2 2 1 3 1 2 2 3 2 2 1 1 2 3 2 1 2 1 3 1 3 2 2 2 1 1 2 1 2 3 3 1 3 2 1 3 1 3 2 1 1 3 3 1 3 3 3 1 3 3 1 2 2 1 3 2 3 3 3 1 1 1 2 1 3 1 1 1 3 3 2 2 3 3 2 3 1 2 1 3 1 1 2 1 1 3 2 3 1 3 1 2 1 1 3 2 2 1 1 1 1 3 1 1 3 1 1 2 2 3 3 2 1 3 1 1 1 1 1 1 1 3 1 2 3 1 1 3 1 2 2 3 1 2 3 2 3 1 3 2 3 3 3 3 3 2 1 1 3 3 1 2 1 2 1 2 3 1 2 3 1 2 3 2 1 1 2 3 2 2 3 1 1 2 3 3 2 1 3 3 3 2 3 3 2 1 1 3 3 3 3 2 2 3 3 1 2 2 3 1 2 1 3 2 2 3 1 3 3 2 1 2 3 3 1 1 2 3 3 3 3 1 3 3 3 1 3 1 3 3 1 3 3 3 2 3 2 1 3 2 3 3 1 3 2 2 2 2 2 1 2 1 1 3 1 3 1 2 1 3 1 3 2 2 1 3 1 1 1 3 3 1 1 2 2 2 1 2 3 2 1 1 3 2 2 3 2 3 1 3 2 3 1 1 2 2 3 2 2 3 2 1 3 3 3 1 3 1 1 2 2 2 2 3 2 2 2 3 1 2 1 3 2 1 3 3 2 2 3 3 1 1 1 3 1 2 1 2 2 2 3 2 3 2 1 3 3 2 1 1 1 3 2 1 1 2 3 1 2 3 1 2 3 2 2 3 3 3 1 1 3 1 3 2 1 1 1 3 3 2 3 2 3 1 2 1 1 1 2 1 1 2 1 1 2 1 3 2 1 3 2 3 1 3 1 1 3 3 3 3 2 2 2 3 2 1 1 2 1 3 3 3 3 1 3 1 3 1 1 3 3 1 1 1 1 2 1 3 3 2 2 1 3 3 1 3 1 2 1 3 3 1 2 1 3 2 2 1 3 2 1 1 2 3 3 2 2 3 1 1 1 2 2 2 2 3 2 1 1 2 1 3 1 2 3 1 1 1 1 3 2 1 2 3 1 1 1 1 3 3 2 3 1 2 1 3 1 1 3 3 1 1 1 1 3 3 1 2 2 1 1 3 3 2 1 1 3 3 1 2 1 3 1 3 1 2 3 1 2 3 3 3 2 3 3 2 3 1 1 3 2 1 2 1 1 1 3 2 2 3 2 1 3 1 2 3 1 2 3 1 3 2 2 2 3 1 2 2 1 2 2 2 1 1 2 1 1 2 3 1 2 1 1 3 3 2 1 2 3 1 1 3 3 2 1 1 2 3 2 1 3 1 2 3 3 1 1 2 3 2 2 2 3 2 1 3 1 1 1 3 2 2 1 2 1 1 2 2 1 2 1 2 2 3 2 1 2 2 1 3 1 3 2 3 2 2 2 1 2 1 1 3 2 3 2 3 2 2 3 1 3 2 3 2 2 3 1 2 3 3 1 2 1 1 2 2 2 2 1 3 2 3 2 3 1 2 2 3 3 2 1 2 2 3 3 1 3 1 1 1 1 3 3 3 3 3 3 3 2 3 1 2 1 3 1 1 2 1 1 1 1 2 2 1 1 1 2 3 3 3 3 3 3 2 2 2 2 1 1 2 3 2 3 3 3 3 1 2 3 2 2 3 2 3 2 3 3 2 3 2 3 3 1 3 2 2 3 1 2 3 1 3 3 1 2 2 1 3 3 3 2 3 2 2 3 2 1 3 3 3 1 2 2 3 2 1 3 2 3 1 2 2 2 2 2 2 1 2 2 1 1 3 2 2 2 3 2 3 2 3 1 3 1 3 1 3 1 2 1 2 1 3 3 2 2 3 1 1 1 1 2 1 3 2 1 3 3 3 1 3 3 3 2 3 3 3 2 1 1 1 1 3 2 2 1 2 2 3 1 2 3 2 1 3 1 2 1 1 2 2 2 2 3 3 3 1 1 2 3 2 3 2 2 2 2 1 1 2 3 1 1 3 1 1 1 2 2 2 1 3 1 1 3 1 1 1 2 3 1 3 1 3 3 3 2 3 1 2 3 1 1 1 2 3 3 1 2 2 2 3 2 3 2 2 1 1 3 3 2 2 1 3 2 2 2 1 2 1 1 1 2 2 3 3 1 3 2 2 3 1 2 3 3 3 3 1 1 3 2 3 3 2 2 3 1 1 1 3 3 2 1 1 3 2 1 2 3 3 1 2 1 1 3 3 1 1 2 3 3 1 1 1 3 1 1 2 1 2 1 3 2 1 1 3 2 2 1 3 1 2 1 2 1 2 3 2 1 1 3 1 2 3 1 1 2 1 3 1 2 2 3 1 3 1 3 3 1 1 3 3 2 1 1 1 1 3 1 1 1 3 2 1 2 1 3 1 3 3 3 2 2 1 2 2 2 3 1 3 1 1 1 3 3 2 2 2 1 1 1 2 3 1 1 3 1 1 1 3 2 2 1 3 3 2 1 2 3 2 3 3 1 3 3 2 3 2 1 1 2 1 3 1 2 1 2 1 2 1 2 2 1 1 1 3 2 3 1 1 3 2 1 2 1 2 2 2 3 3 1 3 3 1 2 3 3 1 3 1 3 2 2 2 2 3 3 2 1 1 3 1 3 1 2 1 3 2 1 1 2 3 2 1 3 3 3 1 1 2 1 2 1 2 2 1 1 3 2 2 1 3 1 2 2 3 2 1 3 1 3 1 3 3 2 1 3 2 2 1 3 3 3 2 1 2 3 3 3 2 3 3 1 1 2 2 3 3 1 1 2 1 1 1 3 1 3 2 2 3 1 3 1 1 2 3 1 3 3 2 1 3 2 2 2 1 1 3 3 3 3 1 3 3 1 3 3 1 3 3 3 1 3 2 2 3 2 2 1 3 1 3 3 1 2 3 1 3 2 1 1 2 1 3 3 1 3 1 3 3 3 3 2 2 2 2 3 2 2 1 3 1 1 3 3 1 2 3 2 1 3 3 2 3 1 3 1 1 1 3 1 3 1 1 3 3 1 2 3 3 2 1 1 3 1 2 2 2 2 3 1 2 1 3 3 1 1 2 2 2 3 1 2 2 2 3 2 3 3 3 2 1 2 1 1 1 2 2 2 3 2 1 1 1 1 2 1 2 3 3 2 2 3 3 1 1 3 2 3 2 2 2 3 3 1 3 1 2 2 3 1 3 3 3 2 1 3 2 3 3 3 3 2 3 3 3 3 3 3 1 1 1 3 3 2 2 2 3 2 2 2 1 3 2 1 3 2 3 3 2 1 2 2 1 3 2 1 1 3 3 2 1 1 3 1 2 2 2 3 2 1 3 3 3 1 1 3 3 3 1 3 3 2 3 3 2 3 2 1 1 3 2 3 3 1 1 2 3 2 3 1 3 2 2 1 3 1 2 3 3 2 2 3 3 1 1 2 2 3 1 1 1 3 1 1 1 2 1 2 1 2 1 3 1 3 1 3 3 2 2 3 2 3 1 2 3 3 3 2 1 2 3 3 3 1 2 2 2 2 2 2 1 1 2 2 3 2 2 2 2 3 3 1 2 2 2 1 3 3 1 3 3 1 3 1 1 2 2 1 2 2 1 3 2 3 2 3 3 2 2 1 3 3 3 1 2 3 3 2 2 2 1 2 3 1 1 2 1 1 1 1 3 2 2 1 2 2 1 2 3 1 3 1 3 1 3 1 2 3 1 2 3 2 1 1 1 3 2 2 2 3 1 3 2 2 1 3 3 1 1 1 3 1 3 3 2 3 1 2 2 3 2 2 1 1 3 2 3 1 1 1 1 3 2 2 3 3 3 3 2 1 3 3 3 3 2 3 3 1 1 3 1 3 2 2 1 3 3 3 2 2 2 3 1 1 3 1 1 1 1 1 2 1 1 1 1 3 3 2 3 2 1 2 2 3 1 2 3 2 3 1 2 1 2 3 2 1 1 2 3 2 2 2 3 1 2 3 1 3 2 3 1 1 3 2 3 3 3 1 1 1 1 2 1 2 1 2 1 2 3 2 3 3 1 3 2 3 2 2 1 1 2 2 3 2 3 3 3 1 1 2 3 2 1 1 1 2 2 3 1 3 2 1 2 3 2 3 1 2 1 3 1 3 3 3 3 3 2 2 1 2 2 1 2 3 2 1 3 2 3 3 1 3 1 2 1 1 3 2 2 2 3 3 3 1 3 3 3 1 3 1 3 1 1 1 2 3 3 2 2 1 1 1 3 3 2 2 1 1 3 2 2 2 2 1 1 2 3 3 1 3 3 3 1 1 2 3 3 1 3 1 3 2 3 2 2 2 3 3 1 2 1 3 3 2 1 2 3 2 2 2 2 2 1 2 2 2 1 2 2 1 1 2 3 1 2 3 3 1 2 3 2 1 3 1 3 3 3 3 2 2 1 3 2 1 1 2 3 1 1 1 2 3 1 1 1 1 2 1 1 1 3 2 3 2 3 3 2 1 3 1 1 3 3 3 2 1 3 3 2 2 2 3 1 1 3 1 1 2 3 1 3 2 2 2 1 2 3 1 1 2 2 1 3 3 3 3 2 3 2 1 2 2 2 2 3 2 3 2 3 1 3 3 2 1 1 2 1 2 3 3 3 1 1 2 2 2 1 2 2 1 3 2 1 2 2 2 3 2 2 1 1 2 3 2 3 2 1 2 2 2 2 2 3 1 3 3 1 1 2 2 3 3 1 1 1 1 1 3 1 1 3 2 1 3 3 2 3 1 1 1 2 3 2 3 3 1 1 2 3 2 1 1 3 1 1 3 3 2 2 3 3 2 3 2 3 1 2 2 3 3 2 1 2 1 1 3 2 3 3 3 2 2 3 3 3 3 1 1 3 3 2 1 3 3 1 3 3 1 2 2 1 1 2 3 1 1 3 3 3 2 2 3 2 3 2 3 1 3 3 3 1 2 1 1 2 3 3 2 2 1 3 3 2 2 1 1 2 1 1 1 1 3 2 2 1 2 3 2 3 1 1 2 2 3 3 3 2 3 2 2 1 2 3 3 3 2 1 3 1 1 2 3 2 3 3 1 3 1 1 1 2 2 2 1 1 3 3 3 3 1 3 1 1 2 3 2 1 1 1 2 2 1 2 1 3 1 3 1 1 2 3 2 3 1 1 3 1 1 1 3 3 1 3 2 3 3 2 1 3 3 2 1 2 2 2 2 1 2 3 3 3 3 1 1 3 1 2 1 1 2 1 3 3 1 1 1 2 3 1 1 2 1 2 2 3 1 1 2 1 2 2 2 3 1 3 3 1 2 2 2 2 2 2 1 2 1 1 1 3 2 1 1 3 1 3 1 1 1 1 1 3 3 2 1 1 1 2 3 2 1 2 1 2 1 2 3 2 3 2 1 2 3 1 2 2 3 2 1 1 3 3 3 1 3 2 2 2 1 3 3 2 1 3 1 3 3 2 1 2 2 3 2 2 2 3 1 3 2 1 2 1 1 2 3 2 2 3 1 3 2 2 2 2 3 3 2 1 2 1 2 3 3 2 1 3 2 1 3 1 2 1 1 1 2 3 3 3 3 3 1 3 1 2 3 2 1 1 3 2 3 1 3 2 2 2 3 2 2 1 2 2 1 2 1 3 1 3 3 1 3 3 1 2 2 3 2 2 1 1 2 2 1 3 3 1 2 2 2 1 3 2 1 1 3 2 3 2 2 3 3 3 1 2 1 1 3 1 3 3 1 1 1 1 1 1 3 2 2 3 2 1 2 1 3 3 2 2 1 1 3 2 2 3 3 1 2 1 3 1 3 2 3 3 1 3 3 2 3 3 2 3 1 1 3 2 3 1 1 2 2 1 2 3 3 1 2 3 3 3 1 1 1 3 2 1 1 2 1 3 3 2 1 3 2 3 1 1 3 1 2 3 2 3 2 3 3 1 1 3 1 2 1 3 1 2 1 1 3 3 2 2 3 2 2 1 2 2 2 2 3 1 2 1 1 2 2 2 3 3 3 3 2 1 2 2 2 2 1 2 2 2 1 2 2 1 2 3 3 2 2 3 1 1 2 1 2 2 3 2 3 1 1 3 1 2 3 1 2 1 3 3 2 3 2 1 2 3 3 3 1 2 2 1 1 2 2 3 3 3 3 1 3 1 2 3 1 1 2 3 3 3 1 1 1 3 1 1 2 3 1 1 1 1 1 1 3 2 2 2 1 2 1 1 2 3 1 3 3 3 3 2 2 3 1 2 1 3 1 3 3 1 2 2 1 2 3 1 1 1 2 3 2 2 2 3 1 2 3 3 3 2 2 2 2 2 2 1 3 3 2 1 2 3 2 3 2 2 1 2 1 1 2 3 2 1 1 2 1 2 1 3 1 2 1 2 3 2 1 3 2 3 3 1 1 2 1 2 3 1 1 3 2 1 1 1 3 3 3 1 2 2 1 3 2 3 2 1 2 2 3 1 1 1 1 2 2 3 3 2 1 3 2 2 1 2 3 1 1 3 3 2 3 1 1 3 3 2 2 2 2 3 2 1 3 2 2 2 2 3 1 1 1 3 3 2 3 2 1 2 1 1 1 1 3 3 3 3 2 1 2 3 2 1 1 1 3 1 1 1 3 2 2 1 2 2 1 2 1 1 2 3 2 1 3 2 3 3 3 2 1 1 3 2 3 3 2 3 2 2 1 1 2 2 1 3 3 3 3 2 3 3 1 1 2 1 3 3 2 2 2 2 3 1 1 1 1 3 1 3 2 2 2 2 3 2 1 1 2 3 3 2 2 1 3 1 3 2 1 3 2 3 1 2 3 1 3 2 2 2 2 1 2 1 2 3 3 2 2 2 3 3 1 1 3 2 2 1 2 1 2 1 3 3 1 1 1 1 3 3 2 3 3 2 1 2 2 3 2 3 2 3 3 3 1 3 1 1 1 2 2 1 1 2 2 1 2 3 1 1 1 1 1 2 1 1 3 3 1 3 1 3 2 2 2 2 1 1 2 2 3 2 3 1 2 1 1 3 1 2 1 1 3 3 3 2 3 2 3 2 1 2 3 3 3 3 3 3 3 2 2 2 1 3 1 2 1 3 3 1 1 3 3 3 1 1 3 3 1 1 1 2 1 3 2 2 3 2 1 3 2 3 2 1 3 2 2 2 3 2 3 3 3 2 1 3 2 1 1 2 3 3 2 1 1 1 3 2 3 2 2 3 3 2 3 2 1 3 1 3 1 2 3 3 1 2 3 1 2 2 1 2 3 1 3 3 1 3 1 2 1 1 2 1 3 3 2 2 2 2 2 2 3 2 1 1 1 2 2 3 1 1 3 3 3 1 1 1 1 1 1 3 2 1 2 3 3 3 1 2 3 3 1 1 2 3 1 2 2 2 2 3 2 1 2 2 2 3 1 3 3 3 2 2 2 2 3 3 2 3 1 2 3 3 1 2 1 2 1 1 3 3 2 1 2 2 3 2 2 1 1 3 3 1 1 2 1 1 3 2 1 2 3 1 3 3 1 2 1 1 3 3 1 1 2 2 3 2 2 1 1 2 3 3 2 2 3 3 1 1 2 1 3 1 1 2 2 3 1 1 1 1 1 3 2 2 3 2 2 3 3 3 2 1 3 1 2 2 3 2 2 1 1 1 1 1 3 1 1 3 1 1 1 1 2 3 2 3 3 3 2 1 1 2 1 2 2 3 3 1 2 3 1 1 1 3 2 3 3 3 1 2 3 1 3 3 1 1 1 1 2 3 1 1 2 3 3 2 1 3 3 2 2 1 3 3 3 3 1 3 2 2 2 2 3 3 2 3 1 1 1 1 1 1 2 2 2 2 2 2 2 2 3 1 3 3 2 3 3 3 1 3 1 2 1 1 3 3 3 2 1 2 3 3 1 3 3 3 3 1 1 2 2 1 1 2 1 1 1 3 1 1 1 2 1 1 1 1 2 2 3 1 3 1 2 2 3 2 2 3 3 2 1 3 1 2 2 2 1 3 3 1 1 1 1 1 3 1 2 3 2 1 1 3 2 3 1 3 1 1 3 2 2 1 2 1 3 2 2 2 3 1 1 3 1 1 2 1 3 2 3 3 3 3 1 3 3 3 3 3 3 3 1 2 3 2 2 2 1 3 2 1 1 3 3 3 2 3 1 1 2 3 1 3 1 2 2 2 2 3 2 2 2 1 3 2 2 2 3 1 3 2 3 3 2 2 3 3 2 1 2 1 2 3 1 2 1 1 3 2 1 1 3 2 3 3 3 1 1 2 1 2 2 1 1 2 3 3 2 3 1 2 3 3 1 1 2 1 3 1 2 3 2 1 3 2 1 2 2 3 3 2 3 3 3 3 2 2 3 2 1 3 2 3 3 3 1 2 2 3 1 1 1 3 1 1 1 1 1 2 1 2 2 1 1 3 2 2 1 3 1 2 1 1 2 3 1 1 2 1 2 2 1 3 3 2 2 2 3 1 3 3 3 2 3 1 3 3 3 2 1 1 1 3 1 1 3 1 2 1 1 3 3 3 3 1 1 2 1 3 1 3 1 1 1 2 1 1 2 2 3 1 2 1 1 3 3 2 2 2 2 2 1 1 2 3 2 1 3 3 3 1 2 3 2 2 2 1 3 3 1 3 3 2 3 2 2 1 3 2 3 1 2 3 1 1 2 2 2 1 1 1 2 1 2 3 1 2 1 3 1 1 2 1 3 1 1 2 2 2 1 2 3 2 1 3 2 1 1 3 3 2 2 2 2 2 2 2 1 1 3 3 2 2 1 3 3 1 2 3 2 1 1 1 2 2 2 2 1 1 1 3 3 1 3 2 2 3 1 1 1 1 3 1 1 2 2 2 2 3 2 3 3 2 3 1 3 1 3 1 3 3 3 3 3 3 1 3 3 2 3 2 1 3 2 2 1 2 1 1 2 2 2 2 2 1 1 2 2 1 3 2 1 1 3 3 3 3 3 1 2 2 2 1 2 1 3 3 3 1 3 1 3 2 2 2 2 1 1 3 2 1 3 3 1 1 3 2 2 3 3 1 1 2 3 1 2 1 3 2 2 1 1 1 1 3 1 2 2 3 2 2 1 2 2 1 2 2 3 3 1 3 2 2 1 2 1 3 1 2 1 3 1 3 2 2 2 1 1 2 3 3 1 3 2 3 1 2 2 1 3 2 3 1 1 3 2 2 3 1 3 3 3 3 1 3 2 2 3 1 3 3 2 3 1 1 1 3 2 3 2 3 2 1 3 3 3 3 3 1 2 2 2 2 3 3 3 1 2 3 3 2 1 3 2 2 1 3 2 2 3 3 2 2 3 3 2 3 3 2 2 3 3 2 2 3 2 1 2 1 3 2 3 2 2 1 3 2 2 2 1 2 1 3 3 1 2 2 3 1 3 2 2 3 2 1 2 1 2 1 2 3 2 1 3 1 3 3 3 3 3 3 1 2 3 1 1 3 2 1 3 3 3 3 1 1 2 3 3 3 3 2 1 3 2 2 3 3 2 1 3 2 2 1 3 1 1 1 1 1 2 2 2 3 1 2 3 1 2 3 3 1 2 2 1 3 2 1 2 3 2 2 1 1 2 1 1 1 2 1 2 1 2 1 2 3 1 1 1 1 1 1 1 2 3 2 2 2 3 2 2 3 2 2 2 1 3 1 1 2 1 3 3 2 3 1 3 2 3 3 1 3 1 3 3 3 3 2 2 1 1 2 2 3 2 3 1 3 3 3 3 2 3 1 1 1 1 2 3 1 3 1 3 1 1 1 2 3 1 1 3 1 2 2 2 2 2 1 1 3 2 1 1 3 1 2 2 2 1 2 1 3 3 1 3 3 2 1 2 1 1 1 2 1 1 2 1 3 2 1 2 1 3 2 3 3 3 2 2 2 1 1 1 2 2 1 2 3 3 1 2 1 3 3 1 1 3 1 2 1 1 2 2 3 3 1 3 1 2 2 3 1 1 3 3 3 1 3 2 3 2 1 1 1 1 1 2 3 2 1 2 1 3 2 3 3 2 2 2 1 2 2 1 2 1 3 1 2 3 2 1 1 1 3 2 1 2 3 3 2 1 1 1 2 2 3 2 1 3 3 3 3 3 3 2 3 2 3 1 2 2 2 1 1 1 3 1 2 1 2 1 1 1 1 2 1 2 2 2 3 3 2 3 3 2 1 3 1 3 3 3 3 2 3 2 3 3 1 2 1 3 3 2 1 1 2 2 1 1 1 1 3 3 3 1 1 2 2 2 3 3 3 3 3 2 1 3 1 2 1 2 3 2 1 2 3 3 2 2 1 3 3 2 2 2 1 1 1 3 3 1 2 2 3 1 1 3 1 2 2 2 3 1 2 1 2 2 3 1 3 1 2 2 1 3 2 1 3 2 1 3 2 3 1 3 3 2 3 3 3 1 2 1 2 3 1 2 2 1 2 1 2 1 3 2 3 1 1 1 1 1 1 1 1 1 1 3 3 3 3 3 1 2 3 3 3 3 3 1 3 2 1 1 3 3 1 1 2 3 2 1 2 1 1 1 3 2 2 2 3 2 2 1 3 1 2 2 1 3 1 2 2 1 1 3 3 3 3 1 1 1 1 2 1 3 3 3 3 1 1 2 3 2 1 3 3 1 1 1 3 1 2 1 3 3 3 2 3 3 3 1 1 1 2 1 2 1 2 1 2 3 1 2 3 3 2 3 2 1 3 1 1 1 2 2 3 2 3 1 1 2 1 3 1 1 3 3 1 1 3 1 2 3 1 2 3 2 1 3 3 3 3 2 1 2 2 3 2 1 3 2 1 1 3 3 2 2 1 2 2 3 2 2 2 1 2 2 3 2 1 3 2 2 1 2 2 2 1 3 2 3 3 3 1 2 3 2 2 1 1 3 2 3 1 1 2 3 3 2 1 1 1 1 2 1 1 1 3 1 1 1 1 2 3 2 2 2 3 3 1 2 2 3 1 1 1 2 1 2 2 1 2 3 2 3 2 1 1 2 1 1 3 1 3 2 3 2 1 2 2 1 1 2 3 3 2 1 3 1 2 2 2 3 1 1 3 2 3 2 1 3 1 3 1 2 1 2 3 1 1 2 2 3 3 3 1 3 3 3 3 1 2 1 1 3 1 3 1 1 2 2 3 1 1 1 3 2 1 1 1 3 2 2 2 1 1 3 3 2 2 1 2 3 3 1 1 2 3 2 1 3 3 1 2 2 2 1 3 2 1 3 2 3 3 1 3 2 2 1 2 2 1 1 3 3 1 1 3 2 2 3 3 3 2 3 1 1 2 3 2 1 2 3 3 2 2 3 1 3 2 1 2 1 1 2 3 2 3 1 1 3 1 1 2 3 2 2 3 2 1 2 2 1 2 2 3 2 2 1 2 3 3 2 2 2 1 2 1 3 2 2 1 2 3 1 3 1 1 2 3 2 2 2 1 3 3 1 2 2 1 2 3 2 2 2 1 2 2 3 2 3 1 1 3 1 1 2 1 2 3 3 3 2 3 3 1 2 1 1 3 3 1 2 3 1 2 1 3 1 2 3 2 2 3 3 1 2 2 2 1 2 1 3 2 2 3 1 2 2 3 1 1 1 3 2 1 3 1 1 2 3 2 1 3 2 1 3 1 2 2 3 1 1 1 1 3 2 1 2 3 3 1 2 2 1 2 3 2 1 3 2 2 3 3 3 2 1 2 3 3 3 3 1 1 1 1 3 3 1 2 2 3 2 3 3 1 1 3 1 1 1 1 3 2 3 3 3 2 3 2 1 2 1 1 3 2 1 1 3 3 3 2 3 1 3 3 3 2 3 1 3 1 3 2 1 1 1 2 1 3 1 2 3 1 3 3 1 1 3 2 1 2 3 1 3 2 1 2 1 2 1 2 1 1 1 3 3 1 2 2 1 3 2 1 2 3 2 1 3 1 3 1 2 1 3 2 2 2 2 3 2 3 3 3 3 3 3 1 3 1 1 1 3 3 3 1 2 2 1 2 2 2 1 2 3 1 1 2 2 2 2 1 2 2 1 2 3 3 1 2 1 1 1 1 1 3 1 1 2 1 2 3 1 1 3 2 3 3 2 3 1 3 3 1 3 3 1 1 2 1 3 2 1 2 2 3 2 1 2 1 2 3 3 1 2 2 3 2 2 1 2 1 3 3 3 2 2 1 3 2 2 2 1 3 2 2 3 2 1 1 2 2 1 1 2 3 1 3 2 1 1 1 2 3 2 1 1 1 1 1 1 1 3 2 2 2 1 1 1 3 1 3 2 1 2 1 1 2 1 1 3 1 1 3 2 2 1 3 2 1 1 3 3 2 2 1 1 1 3 2 3 2 2 3 1 2 1 1 2 1 3 1 1 3 2 2 3 1 2 1 2 1 3 3 3 3 2 3 2 2 3 3 3 2 1 1 1 3 3 1 3 3 2 1 1 1 3 1 2 3 1 3 3 1 3 3 3 1 1 2 3 1 1 1 3 3 2 1 1 1 2 3 3 2 1 2 3 1 1 2 1 1 3 2 3 2 2 3 3 1 2 1 1 1 2 1 2 1 3 1 2 2 1 2 3 1 1 1 3 2 3 1 1 3 3 1 1 1 1 1 1 1 1 3 3 3 2 3 3 2 3 2 2 2 3 3 2 3 1 3 1 2 1 1 3 3 3 1 2 2 2 3 3 1 1 3 1 2 3 3 1 1 1 1 1 1 3 1 1 3 2 1 2 1 3 3 1 1 2 2 1 3 2 1 2 2 1 3 2 1 1 3 2 1 2 3 2 1 1 1 2 1 3 2 3 1 3 3 2 1 1 2 1 3 2 1 3 1 3 2 2 2 1 3 3 3 2 1 3 1 2 3 1 3 2 3 3 3 2 2 1 3 3 1 1 2 3 3 1 1 3 3 1 1 1 1 3 3 3 1 3 2 1 1 2 2 2 1 2 2 1 3 2 1 1 3 3 1 1 2 3 1 1 2 1 3 2 1 3 1 3 1 2 1 1 1 1 2 2 2 3 2 3 2 1 3 1 1 1 1 2 3 1 3 3 1 1 2 1 2 2 2 3 3 2 3 2 3 3 3 2 2 1 2 3 3 3 1 2 3 3 2 2 3 3 2 2 2 1 3 3 3 1 2 3 1 2 1 1 2 3 1 3 2 2 1 3 3 1 2 1 2 1 2 2 2 2 3 1 1 3 3 3 1 3 2 3 1 3 2 1 3 1 3 3 1 1 3 3 2 3 2 3 1 3 3 3 3 1 3 2 3 2 2 2 3 3 1 1 2 1 2 3 2 1 2 2 2 1 1 1 1 2 2 2 3 3 3 1 3 2 3 2 1 1 2 3 2 1 2 3 3 1 1 2 2 2 3 1 2 2 3 1 2 1 3 2 3 3 3 3 1 2 2 3 2 2 1 2 3 3 3 3 3 2 1 2 2 1 3 1 1 1 1 3 3 3 2 2 1 1 3 1 3 1 2 2 3 1 3 1 2 1 1 3 2 1 3 3 2 1 3 3 2 1 2 1 3 1 3 3 2 1 3 3 1 1 3 2 3 3 1 1 3 3 3 2 1 2 1 2 3 2 1 2 3 1 3 2 1 2 1 1 2 1 1 2 1 3 3 2 3 2 3 2 3 3 1 1 1 1 3 1 2 2 3 2 2 1 2 3 1 2 3 2 1 2 2 3 3 3 2 1 2 1 3 3 1 2 1 3 3 2 2 1 3 3 1 3 2 3 2 2 2 1 3 1 2 3 3 2 3 1 1 1 3 2 2 2 2 2 2 2 1 3 3 3 1 3 2 3 2 3 3 3 1 3 1 1 3 3 3 1 2 1 1 1 2 1 3 2 1 3 1 3 2 2 2 2 2 1 3 2 2 1 2 1 3 1 3 2 1 1 2 3 3 2 2 2 2 2 2 3 1 2 3 3 2 1 1 3 1 2 2 2 2 3 1 1 1 2 2 2 3 3 3 3 1 3 2 1 1 1 2 3 2 1 3 2 3 2 1 3 3 2 1 1 1 3 1 1 1 1 3 1 2 3 1 1 2 1 2 2 2 3 2 2 3 1 2 3 2 3 3 3 3 2 2 1 3 2 2 2 1 3 2 3 1 3 1 2 2 2 2 3 3 2 3 1 1 1 2 2 1 1 2 2 1 3 3 2 3 3 2 2 2 2 2 2 2 3 3 2 3 3 3 1 2 1 1 2 2 1 1 2 2 3 2 3 2 1 3 1 2 3 2 2 3 2 1 3 2 3 1 3 2 1 2 3 3 3 1 2 2 1 2 3 3 3 3 3 3 2 2 3 3 2 1 1 3 3 2 3 2 3 3 2 1 1 1 3 3 3 2 1 3 3 1 2 2 3 1 3 3 1 1 2 3 2 2 1 2 2 3 1 2 3 2 1 3 1 1 2 2 3 2 1 3 1 2 1 3 3 2 3 2 1 2 2 3 2 3 2 2 1 3 1 2 1 1 1 3 1 2 1 3 3 3 1 3 2 1 1 1 3 1 2 2 2 3 1 3 1 2 1 3 3 2 3 2 1 3 3 1 3 1 1 1 1 3 3 2 2 2 1 2 2 1 3 1 2 1 2 2 3 2 1 3 1 1 2 1 3 1 1 2 1 2 2 3 3 2 2 3 1 3 1 3 2 2 2 1 2 1 3 1 1 3 3 3 1 1 1 1 1 1 2 1 1 3 2 2 2 2 2 3 1 3 3 2 1 2 2 3 1 2 3 2 1 2 3 3 1 2 1 2 1 1 1 1 3 1 2 1 3 2 3 3 1 2 3 1 2 3 1 1 1 3 2 2 3 1 3 3 3 2 3 1 1 2 3 3 3 1 2 2 1 2 3 3 3 2 2 3 2 2 2 2 2 2 3 2 2 2 1 1 2 2 2 3 1 3 1 3 3 3 3 1 2 2 1 2 3 2 2 1 3 2 2 2 2 1 3 3 1 3 2 1 2 3 2 3 1 2 2 2 1 1 1 3 2 2 2 1 1 2 3 3 1 1 3 3 1 1 1 3 3 2 2 3 1 1 2 2 2 3 2 3 1 2 2 3 2 2 3 3 1 1 1 2 1 3 2 3 2 1 2 1 1 3 1 1 1 1 3 3 3 3 2 2 3 1 1 3 3 3 1 2 1 1 1 3 1 3 1 2 3 1 3 1 3 1 3 3 2 3 1 1 2 3 3 2 3 2 2 2 3 3 3 1 3 3 1 1 3 3 1 1 2 1 1 3 1 3 1 1 2 3 1 1 2 3 1 2 2 2 3 3 1 1 3 1 1 2 2 1 2 2 1 1 1 2 3 3 2 2 1 2 2 2 1 1 2 2 2 3 2 3 3 2 2 3 3 1 2 3 1 1 3 1 2 3 3 2 2 1 2 1 2 2 1 2 1 2 3 2 1 2 2 3 1 2 3 2 3 2 1 2 3 2 1 2 1 2 2 3 2 1 2 3 1 2 3 2 3 1 1 3 2 3 3 3 1 1 1 3 1 1 1 2 3 1 3 2 3 1 2 3 1 1 2 2 3 3 3 1 3 1 3 1 1 1 1 3 1 2 2 1 3 3 2 1 2 1 1 1 2 3 2 2 2 3 1 2 1 3 3 2 3 2 2 2 2 3 1 2 2 1 3 3 2 2 3 2 1 3 1 1 2 2 3 3 3 3 3 1 3 3 2 3 2 1 2 1 2 2 3 3 3 1 2 3 2 3 3 3 2 2 1 3 3 1 2 1 1 2 2 3 2 2 3 3 1 1 2 1 2 1 3 2 2 3 3 3 2 3 1 2 2 2 3 2 3 2 3 1 2 3 2 1 3 3 3 2 1 3 1 3 2 1 2 1 3 1 2 1 3 2 2 1 1 1 3 2 2 1 1 2 1 3 3 3 2 3 3 3 2 1 1 1 2 3 3 2 2 3 3 2 1 2 3 1 2 2 2 3 1 3 2 1 2 3 1 1 2 3 2 3 3 1 3 2 3 2 3 1 2 1 3 1 1 1 2 1 3 3 2 2 1 1 2 3 1 3 2 2 3 3 2 2 1 3 2 3 3 2 1 3 3 1 1 1 3 2 1 3 1 3 2 2 2 3 3 3 1 1 2 2 2 3 1 3 3 3 3 2 3 2 1 2 3 2 2 2 1 3 3 3 1 1 1 1 3 1 2 3 2 2 2 1 2 3 3 1 1 3 3 3 3 2 2 1 1 1 3 1 1 2 2 1 1 2 3 2
