2000 500
740133763 759565224
729068600 735828479
732762816 737820110
801767798 844484949
734399158 737373755
605712299 651008686
733270031 737107799
665629344 684629334
733888959 738281057
254127756 279822324
349236479 370897434
302052590 336585314
812444786 849555339
731538754 740191274
722782872 742950121
732197402 735061133
727699973 736130761
519400789 566351207
647592087 660786415
730988294 738983537
983400544 984872712
364201966 364219799
733157580 737858519
733802589 741243502
731126441 739406768
731817525 739741497
730073346 737759748
734372273 734662329
57238220 64993198
457693713 498492719
730741180 735584661
199313283 225619096
732109909 741649357
678513694 721651138
733220160 735584994
717073013 761545913
706579740 712461287
730712082 736268273
661531897 672777947
733223782 737520852
452710983 497139634
125473398 167592025
733299989 739632242
733547660 738826686
57990989 96296910
639181655 661368906
732421770 741121804
631473644 675067761
181436957 190011213
732129401 735682085
734401686 734802608
768837078 808653672
922481058 960559657
728256806 735602691
485327148 509380214
732961897 741606498
733822024 738546720
734557733 734689409
730404478 739745951
397681315 417178052
734432152 735165672
733495067 741126036
802539349 837580533
733914264 736382045
734289692 738768899
733708548 740262533
728034418 736552315
383414778 393335009
42076361 76274425
732460798 736203538
224330147 224370444
729134007 737176764
729060013 737546234
734467662 734631014
733922401 739549863
734251261 735634139
732216711 739134970
731834307 736448137
733521516 735458724
893773714 939176411
732865366 736576430
49435194 94809628
732598231 738867132
411348497 429008656
732938409 736316875
211815981 231071435
264299999 309681513
229649398 249056744
643008518 651864343
734544123 735024235
733690880 738471009
731734236 740830220
287075678 294597475
734120951 739067379
38082114 54329575
734088865 741371398
733697232 735238490
731699520 736337107
728871388 736922064
729895342 736766087
732166806 736273820
547147551 556728980
102519757 133638769
786847833 827039007
733127384 739261662
730883102 736684782
464240423 466258144
734212125 735792978
730638368 736511319
791311928 828804541
728456568 737837636
727823561 736143483
728634243 737445143
927632803 950127287
700391385 718226275
733533646 735011552
733104082 736894336
276026524 299685210
733506477 735602065
732706607 734794276
733887454 734834787
515008945 554592861
729034637 735580703
956299047 1000000000
734042139 736921708
732139098 737006336
729366695 737076854
638832220 673337335
733096723 742343168
11841277 43809967
732740264 736514680
430123494 468087669
733951422 734605752
753972640 789219616
733234047 739605895
760095697 776835079
730740537 739369300
538336481 564577882
613416371 647463162
733613040 735526491
734285577 740522802
721694016 769293304
731623305 734922581
733790550 736630524
728298731 735185314
733229773 735444146
734167496 738060697
733733102 734918005
731606706 734953496
734523936 735669244
732783324 741768442
682092087 697916434
8807803 40940659
733153085 734868561
491882223 538336421
721576216 759836642
733428117 735658328
730028808 735949273
469381976 493594355
431305686 474366546
828327222 849394462
537732743 575212416
729753616 735349402
731747181 737968568
90029679 108907610
289347411 313600967
545087491 560740814
733961797 735360513
340120186 384208030
731444686 735266616
733978903 736494198
729357058 734841978
733477915 735771478
439784914 447473855
344642892 372304947
733904938 735042327
733894664 737938326
726568563 735632871
732167068 735814780
556451832 571291631
879955904 899704369
816524435 823949831
972963003 994165961
733672367 740630221
116875667 159287836
732640441 740239734
734085726 734732137
734005238 735364359
206947578 238644008
782126765 814880911
730910268 738691698
728784751 736265259
704463942 706587167
734218761 737438847
727465184 735373318
727386814 734780213
732260366 739424114
50878314 51629719
733481083 736764521
753765341 769915122
887974788 933088637
734441856 735104105
732583171 735652796
733023542 738025403
732028687 737711582
764179792 775259371
733386793 734840942
868441180 873719031
760852033 773045714
854992463 867661853
732740342 735493207
489796637 506857260
733732586 735218411
731884198 736688084
729772953 734869842
734219339 735435918
674525981 679058440
255057966 269029041
727105673 735037564
616766843 624019886
732191575 738919778
732734124 736714434
309482251 323488883
734154224 734721445
900376036 936353215
734027431 737144570
293189682 336653510
734316754 738328740
52337263 84268624
732744580 739654920
733514831 735016494
169263833 210780208
733407990 734672083
769707351 816184376
733396394 742547811
728169077 735475367
734547535 735075161
732752188 738862709
292496878 311241886
258337236 288891527
280081024 292599496
733265427 734814604
733060705 738608977
663828374 671775189
733024270 741922279
727665623 734892723
764886351 774430273
734255963 741879013
670345686 718460300
16028233 16506658
733813984 735592812
733289971 742108790
732868424 738931431
734308893 739603757
152365345 160596364
725581542 734606255
261517660 285790909
891624649 897867335
733114605 735376492
731082100 739924676
733346772 738285281
117229292 122811639
24689303 63902728
727822513 748962719
734292703 734867843
34520926 61054319
749305283 796011584
726818427 734884941
731481833 734606891
730636036 735131081
732828207 735731533
733088944 735445859
274926954 295115237
652176857 697657571
734378287 737321208
642039563 683901627
734023204 734645858
734268638 734629965
731815231 734797747
729891956 737459573
734151198 736080487
487890155 508718243
732519109 736079712
734328885 734603103
728289180 736878348
733060744 740398710
732979546 741331144
733865244 739373921
733386579 735862279
731897649 740352194
734399292 734990270
992022012 1000000000
948552514 980007359
733701926 736724037
732283855 737238202
729113159 735904714
346928369 374578522
731568423 735715032
732880814 740155428
183451777 207701886
734476327 737506357
880773947 888838293
818910183 846004929
80036965 94501767
125138743 149223391
734319691 736486550
734515427 734797564
728424076 734708815
141980197 153920218
733509383 736119706
734024015 735454407
731605201 740954593
732688041 735345878
733088724 737330361
734543022 736337688
730916508 735166064
59227375 107668488
732230630 737493818
970076753 976722732
732443412 735576389
732060451 736341683
734246210 736397231
728260652 734577067
732812345 738645701
29330066 34809679
734412391 735169668
257790911 283986929
831737678 871663455
245128831 246926217
734486314 738363677
733536746 734848353
310130027 311384959
730646714 739053745
458181616 505882764
670145871 685216141
731160755 736922840
733920375 741749319
732539235 735624698
719241367 728497569
158938970 184078011
437525384 448812467
564714819 574704254
729659149 731086131
87388592 123767827
730434579 738223928
734325630 734639443
734293362 743516050
733770563 735161360
732229324 738648686
734323665 734954238
889998629 913364859
728796861 735651768
278594177 289205832
734186220 741128236
729225778 736468716
732614080 734986833
734195513 735348740
734340338 742042578
570183727 595732378
278569656 304969547
555988965 599940585
754949286 773522748
731840245 738655557
732405246 736955724
729390140 736949838
731612686 739457468
727876353 737384125
504207233 521371716
667804192 707612264
334660898 361889822
492445658 500902825
753204754 760171615
734049282 738354271
730417904 737462867
326305679 375430885
729852552 735907640
502867036 535437600
734471138 734579057
733929995 737728168
776275759 789091622
733577999 734588684
734404523 735114286
611185620 612066427
319791158 355901849
732891883 736159483
435613328 467796872
731509459 735869881
734029135 741675942
691634774 723910488
734008039 734931615
733359583 741228122
731855898 736897354
885152169 927668704
732820444 738891370
676196563 704918671
732686530 737110304
734563896 734988575
734042275 735037122
731157972 734987821
551851940 553261636
733023496 735222031
732997644 737975748
734412603 736135998
732815165 737262696
730490068 739483105
725691104 734597032
731388611 765175839
731078793 735067022
840122734 847222969
733466979 737201800
728594892 735053849
734157408 734590006
731098164 735727832
344014726 364099927
734173254 742144740
726005719 734864133
734230524 734948206
84932321 131853906
732076521 740206387
730771982 740145131
35476847 61923025
134395683 178249000
444407107 466051856
728786724 736116771
731161855 736535228
732924063 735209707
728470543 735467992
888382533 922474829
730267457 739228818
866612670 876969027
130745474 132249135
711773293 712075725
432676663 438178454
729027792 734742363
733654578 741950743
731120459 738189179
734053516 738406019
732128203 739212761
306788114 347567264
926819046 948080787
399676509 438278892
464522659 511217157
252277250 271702556
80130253 129331882
734471675 734690460
726947439 736478968
730327288 739660842
732728261 734610036
730610136 739357684
767056938 803622462
730867800 737833573
734466155 735080890
734242788 739228811
105754481 139513593
730300594 735128237
731184041 737769702
734307888 735239383
730594751 739896629
729540420 737028847
731924285 738818787
69708604 97888767
733531907 735587900
732263588 736631929
734098140 734982121
926379763 966168764
733726584 741222930
733649385 735919191
732026117 736996302
733474914 737098869
448460038 451669680
237951367 283616803
734240977 741365130
2596897 44626557
730809778 739866167
733781705 739987254
733482414 739442474
624448159 636173976
375844943 401561833
728403205 736865669
734434698 735857171
293846623 340757642
986424490 994061976
731958551 736976250
672918531 716611791
732088192 735680471
658175357 682703416
734401077 735974011
729637486 736650773
910359235 941412844
505008252 531124760
733707468 740087235
726002183 734718055
511654613 512585832
17936919 34885119
729192025 738295928
732721233 735347394
255271073 261904427
94034380 108001784
734456329 736155967
679769128 680542064
733961175 734742209
733388855 738058118
734390426 735678276
731494752 740020568
927948276 972858392
490252140 527271176
731146754 737486926
729135660 735166991
337841623 356361537
732051692 734749124
532401708 536985284
716968570 738824897
171603184 210175940
204828572 229660897
729033975 736134371
68234185 82469143
732335101 736489629
725925551 735084887
732653876 736776728
9269656 57187311
538271073 558411323
726232639 734671346
734425788 735586934
965822755 994228575
700318883 719979514
541965190 554930430
540324316 582613348
686536667 704096715
732487486 738780144
792749569 821283261
733652393 740847817
460851108 476311389
725519755 734948337
733206408 739617851
732165006 737317328
772229268 809433757
734068322 741287503
323413917 338599624
631509591 653237239
203032777 248464200
734540471 738869217
733045209 741072128
733311860 736025130
733259824 738285442
726006012 734618937
731717408 735571014
277549832 301221066
731643361 739757389
734255139 743438232
732165302 735520011
731434008 739167924
813743202 842681559
318394847 319414391
325480757 371785012
734170215 734753274
732322749 734576717
734443898 737212601
734461355 735155280
818779103 831880204
470462505 515549434
217090855 240179516
338164212 346337135
731978757 739451346
432801454 441829429
731436601 736976954
989753305 1000000000
977378579 1000000000
733275556 736614427
422353277 467691381
768560717 776362359
510418243 537412257
732626060 735275978
732424783 737046532
729796865 738291005
175317097 181605644
732990547 738245816
733152906 735874095
732657147 739797138
547073449 575625591
985341978 1000000000
623906327 670568859
670443172 702650186
230039622 237129740
165594256 209275096
730126462 736807151
733333859 738494100
553776101 592316669
731462940 735625387
733408336 736937263
271075314 310578688
732096919 736884967
731341541 739067538
734486931 734959124
728535720 735398546
90648406 92305413
733712885 735958934
731324047 737505839
733706640 737203891
435058984 442030566
728651311 738151164
598016203 638748184
722176398 736684627
731968021 740968977
981811966 1000000000
89256258 129221420
729752383 739046342
750374682 789770307
733153657 736167849
734550428 738316925
87557719 96856941
734011074 735386033
730714040 739382398
376481351 423341103
732242370 737236312
794779088 816144729
13723139 48676416
733855701 735159389
786402732 801694991
359026518 408643379
759649725 795675539
125106045 135723611
733459982 741629443
734514235 742913347
733657525 734929537
732258447 734718309
733553607 734801862
85437136 133656005
731601993 735138839
615916683 640475227
733856659 734914858
733471654 738267621
742534085 759731228
443838492 445081174
902267312 907323533
731536693 737631376
729566119 738329505
989079336 1000000000
285994749 300256340
360715059 402167078
980885440 1000000000
728713830 734832270
734024547 735367830
733487870 738616435
707895650 736902613
732716385 742105372
328290675 343990879
732181352 740556707
733522153 735118844
281890982 287151822
734147900 740535586
948471201 993344501
732317196 739853137
732640778 736217219
411983918 459930944
734463928 734666875
734261112 734812495
656190267 676455094
729514932 734627659
731268183 737394542
734304157 734657565
734170302 743099987
733739045 734710135
733318283 736918481
734121462 735955723
733579622 735485154
25304073 60018942
256805540 259156734
733262108 736672250
47623633 72390958
728857057 738095583
629039247 660414323
733875277 734790934
731811498 735213721
730278252 734931677
905755709 943766190
733084805 741555188
734453828 734846831
732820855 734591764
734369400 736021524
730182689 735683447
893805897 898593654
733267643 734587169
730261988 736071587
734353624 739600974
732279924 738928937
733368527 737633921
413135043 435257502
377689501 378628288
732049763 736014235
892959725 899712711
519984863 567008114
731022321 737639658
730908264 735664636
733588013 734638293
731350423 740715653
801993153 846419850
733518264 735795989
302291861 311111524
733923112 739962362
659423667 662140771
816142044 849426012
767944478 798286551
730487473 736328748
548803081 583464220
364692000 399384528
730206065 736704617
825697445 847431625
727556719 734736305
733707567 742661009
731684926 740377041
727696561 755756341
826996271 872241468
730741789 735925787
928322117 938898774
969477642 988279986
732668500 737123950
646138688 686822310
732809879 734842115
369223773 407536785
733286976 737156420
732116358 736231291
733913646 737363383
438811473 487092143
693395671 730714629
731613997 739981433
734368889 734809406
734033307 736722820
733105843 737870134
734310542 738797668
734306564 734723324
734231186 735020139
734176629 735290261
731848739 734704551
657023913 660433208
733080381 735263078
734364396 734963293
484037091 485511369
359869757 396447196
726527644 735496924
316991662 340635004
275079090 314711155
732972017 737411629
729872660 735626826
733178307 737435782
855921237 872963374
892941408 913741340
728930075 738524956
734318815 735543313
733750691 736368933
786470764 795552574
733647446 736748747
731932366 737274744
729528221 737547221
628405518 638837127
47646187 72706537
731364771 740136076
840336650 876953635
952257292 992605640
731791525 736524140
734300340 735509000
218028144 249042724
733802913 735621336
728664773 738156707
991663675 1000000000
1488998 44848378
677822331 682009414
733887606 737361100
734188303 736759031
409711037 417032216
69632545 99301924
734237424 734614589
734328482 735497547
734231674 734569244
734413522 735859752
578386172 623398192
728444401 735497283
337008544 359587245
606789813 640120007
733835111 734576550
733929852 737902243
730301701 738249430
927719601 964808569
386191046 419374596
732773603 734599945
907302421 935792075
107238144 109913985
726288680 734592764
216756400 254413087
734231769 736992553
731713246 739930221
727515823 734774599
730980700 736996193
186702197 218732229
733988287 735244461
733690500 737306536
252699665 270552770
732983879 734881492
193101716 229310946
733815099 739680131
39079414 87357243
732088052 735419004
31253669 67666734
734291153 734636642
746248713 783188155
475171572 523254160
111860759 133881627
729746423 735278857
862710506 909000713
864201619 891253856
733386083 737722748
727855663 736413155
252040967 269588547
729467644 738698251
552457291 581395588
731526700 739141831
837192124 843584090
147417111 167664470
731215123 737357320
868223520 902447508
729235387 737096007
732758998 735670243
471737376 505652388
733919124 742951756
731888857 738197353
734043232 735243973
732667710 739380075
918647105 933885694
589423323 589714396
496357971 516475817
177135170 179324523
734374974 735837042
733235330 735037915
730121754 735321590
731300868 740436447
731735736 739453814
845713699 885853959
733757013 736422769
733594453 741177908
281848179 324434978
730983856 737133972
731187517 737654393
734474747 734725208
731409684 740450235
733381902 735121135
731839317 738543763
734444514 739256319
728547572 738015749
464949088 472309138
733918325 734873577
732595842 735768414
733091057 736746688
729950680 735403924
472944760 494376611
733852851 735893006
718206362 744657622
372683451 378768368
732725661 734591598
734517266 734672699
287586566 291317183
734192084 737499279
734543691 738642786
818907311 848836010
734036299 734936118
733330149 735647469
732733084 738130895
940596099 981273733
729556155 738430407
732286714 736868868
731113751 739647486
399820671 410778567
733014206 739837437
495520866 498172147
349637037 354167099
502258019 527865508
559728967 574336301
839036932 883834088
733946630 742519960
733244166 742704424
727388186 735209211
245456441 280796682
730972940 738002065
734033709 736010512
731949141 738883238
459475770 479684909
729947946 737119613
731258932 735437217
733752919 736173186
136287269 177323842
180422055 215391497
734157091 737195040
733957530 736852937
946246332 992555584
732889314 735943101
175288902 212516975
25345472 72506620
729069989 736843500
35739369 63170713
252950565 264223429
733126213 741089780
730562985 739730240
935171708 952517128
734516295 735075597
506734046 511471533
727585905 735913746
731821170 739111622
734293524 742874773
729593184 738681249
800318205 817398847
734413915 734585186
692137940 707247263
158425952 202156126
122904742 147753357
734566817 734864792
732990601 739069446
805638818 846751876
734362342 734826616
731212306 738716571
731266656 734946044
732879899 741302768
227929331 246430009
733038370 734983497
734561288 734946372
183840639 208476248
734080075 735257059
84801965 88223449
317518977 338839899
724637352 740472617
732136188 736227364
497474732 537005157
456683417 476097327
151421552 171561022
366198082 410040404
338760691 364763562
730992187 736778029
436098142 464802107
809445355 854268729
731055570 737142334
192806644 193047579
733153367 737339571
726513305 735450909
730298192 736044439
731880738 739036567
733941515 734944281
732663923 735583087
733498899 741700036
770771686 811620417
734259151 741280357
733773424 740525384
728202664 735318898
46190706 89810949
730637561 734863360
732325244 737794326
699436548 704681864
733136293 735683264
589358166 614216550
875810576 909385325
154904710 165283690
779096435 798735711
17778123 38912078
733459108 734739039
734403811 737972333
732484610 738492184
995003471 1000000000
732269421 735639968
347414946 347545945
732745959 735277092
729905432 736966233
731791556 740040207
73180012 94811244
331673418 348852748
385928254 399071238
732678932 739248755
731786124 735014129
316920612 336453131
734479118 734666227
733143361 734890513
727811404 736598547
730734472 735395816
731705554 739890853
504933660 526724815
729421612 735144102
734456107 734682811
118475488 148397623
608524136 636220625
466712289 494278144
407066808 438129727
733308849 735016406
732542319 738161862
732374918 739744560
498508835 547663142
734294813 735764800
551501247 555146067
184499086 205320221
733256393 737814790
734535611 735079075
734514366 734614366
734216936 734673291
730436195 739508422
733152321 734685660
731426426 735968985
290042016 295152633
618924826 643719106
733998606 734858830
679428373 713637414
55603022 73883360
734355584 741772740
733901571 736725707
733803700 735725070
728746501 736385389
734313889 735332493
548387610 591083295
597062720 622701987
281484563 299078020
975995714 1000000000
655316275 671274217
732424486 734916024
734434028 743712149
734433767 737432121
730121034 735130814
730949963 735722173
828175449 849139820
925469118 939191427
485257480 514469018
732221774 737286987
733164946 736630521
814293192 823127514
733710082 741119319
733478502 736413504
732943352 735355700
732424724 737497856
616272749 659678737
734417328 737558224
418793051 461884821
728041579 734880648
737991007 749152283
732394120 741228777
734390709 736248727
734159705 734798197
730925511 736497540
78659330 104330674
727785627 735392839
734524389 734703579
70160031 79740336
955388049 996550248
259748050 297227085
730893595 737558446
690516047 717137883
676923806 702428094
732217481 737860781
729110991 734809724
299138370 333112241
733806496 735680352
372279098 391107776
563315065 606173022
734331315 735056916
67590009 83780107
732230139 734903814
733476232 735777714
733151751 740030415
547736656 572563911
729186339 737735912
734473390 734620904
951573516 959639857
734563147 735629265
732021493 738417098
734038515 734803711
734087724 740720899
732787198 736807103
268275027 300823902
734453583 734949533
734341811 734671462
733639492 738878923
478476838 519486634
733261859 739562436
734489063 734747443
732515148 736186617
272180135 293975176
192883131 223650651
734458252 734993797
4451310 49692717
699895396 733345358
721912102 740685360
45022961 49856067
681868801 711973199
733814401 741793806
583013373 610467472
732325647 737501726
726276318 768791339
128414262 150929307
413105414 461300851
825631811 867755807
730945235 735028492
904975142 930685798
732107976 736175395
377638334 377818634
690389843 695269914
731415200 738016699
731217074 735727957
732552865 735036484
731146909 734873811
730980563 737328654
356221497 365511464
121965002 165175999
732730305 736053338
734286819 735851834
237176559 280849870
251819250 294536702
799514260 818109499
727938849 734944217
734150163 735390499
733010392 740308763
733334578 739326314
733802845 735755891
538996634 580407050
251490104 259226606
734274996 737732652
206430805 243250634
978916144 1000000000
164803877 174012992
733829302 741373162
733202896 734965886
14977957 35943831
312465095 344455093
185461870 210706761
734268874 739690442
975579875 982798698
262508432 276660000
51140805 66280820
734460490 738892183
190275260 234661419
751894679 773050341
733837814 734682200
732938036 739191099
734306421 739514176
730046358 735491683
734236731 735144469
741123033 744378098
562175844 576863649
733336437 737942348
728300473 735812657
733918718 742935512
732299404 738402006
279656751 324731236
732789043 735795316
766175010 804685758
673253387 714472491
728854751 736232312
734003966 737889248
273275842 299901384
733600297 736329405
133546104 157464838
815963084 829764323
730756208 737365626
729157257 734760962
731205704 739596897
734019114 736764060
728503435 734701065
727131762 736211908
732701478 737410336
492722516 516985083
732228031 740128246
726288443 735574483
612974277 614123839
731733700 735785281
732412619 735007104
974399335 984330240
48253996 71143792
733854788 734794202
591966805 625999033
733598275 734632717
734001904 736129168
732820011 737418003
733184123 735248035
727975592 737412093
89896637 99249329
733963389 739630446
732530192 738807012
180587327 214072424
734509142 739392218
733446238 736254536
533174366 549635398
733961851 736516741
30239807 30445395
856662296 871976151
817699502 822619923
728266282 737789892
728689866 735433907
729502909 737395205
734486755 736938698
700313941 748674802
422256668 427078188
499303574 502530315
732696699 737373881
733261778 735848344
729979656 739376562
730328707 739519719
347312613 358788725
732451400 737025635
460133014 495381285
117642425 163891460
734456350 739022666
733315116 741080708
733093613 734880360
731445734 739361787
727920045 734656167
679624545 704540992
48587138 87630995
674767913 690548525
328933686 356262160
40669568 66438701
138538930 168147506
731556948 739647219
482739158 526460278
733467133 735871562
815163021 830658793
733829336 737611671
787425242 836258341
731378399 736712858
733310622 736514870
308655198 336995915
732328985 738922565
732931088 739144556
619351192 662858838
734498148 734946584
734492501 735344806
111706377 120792667
561291127 585897207
833636283 844529803
733425987 736867805
995801134 996095314
349749558 357074367
734514667 734757209
431282863 448652067
496271439 521773214
436515985 452094258
885303439 933812923
732477844 736283936
733997855 736140957
729321616 736873395
220150151 233124303
730709608 737746652
734172766 743086613
730621582 735789742
732968057 735016131
727865252 735052757
733960145 736697172
960324300 990253982
729324555 737430664
729005807 735702334
731496349 740766551
733968130 734947139
108613737 133517408
733401440 736510660
730842248 735487754
732556231 736964167
727542488 736179170
731935554 735250668
729355440 735798559
276507562 319022920
730862028 738524673
734098611 736115009
634188273 642004393
731128122 739321340
731392605 738603867
731409299 735809316
729796837 734933321
731772392 737091013
442930626 446018384
730923903 740281214
731432562 738509201
732707746 734914200
733701152 734830622
730731769 738719093
731446585 737675891
335484765 359268249
733789553 738482573
733519263 738236040
729256277 735501421
729979620 735124023
734042000 734712168
592256420 625867835
730021018 735957321
734531653 735019684
732966375 737865289
731485433 736978272
734124993 735935497
733104220 737575508
732408133 737639645
418978586 466674200
984290116 993145878
729488027 736723046
152517437 155235981
732829227 736469020
732351921 740592653
732891076 738716513
116341129 128835217
733634981 740086019
732810409 741320387
248031267 282373719
91903248 102431048
202664006 203729513
122829733 130940319
730001695 737268390
732220270 739890834
732108518 735352361
629453622 632363544
534887591 553292847
983383403 1000000000
731407454 739085937
929808221 932938564
734217419 743622244
203112838 222289248
482298958 525009074
982945749 985099692
734129435 740532959
733014712 742427456
731813033 740679366
707222697 715498968
484178201 502838832
700510204 703259355
731478098 737992488
732404208 736994281
734304030 736637188
521677395 538142198
734076560 742016370
732544570 741521769
733755836 735605935
343417583 357344835
845088575 848545381
562692909 612447442
729498839 736021148
734118343 735200299
734358517 735685962
729982483 734730936
732338031 735819444
728021453 737149113
732596785 738390546
339859535 348370983
836451828 857311613
730719476 735008627
733554563 734660276
734348718 735145590
733503547 737024555
688698087 728217863
732722682 736267447
728471147 735302297
39490385 85824205
727526484 736202761
734460161 734599756
33552357 34806616
734100057 735768019
270096185 299481270
732450944 736035304
280804154 312558951
647622505 691794103
734434995 742446076
733526634 740183566
728928291 738127222
729365902 734581576
729955548 738029981
729968657 735382306
993926376 1000000000
732303672 741882715
733863537 735705717
733527871 734625665
734139745 735665165
189870610 213321557
435144644 470230558
729571834 738073893
732336820 735287660
730463471 735790011
729177980 738661995
495458155 506794781
9185238 52064715
458782182 495083830
104573781 149194498
731273030 736797545
282812652 328535994
729329672 734711645
734510202 734776501
734554994 740744705
734381791 737989908
602020753 611221667
843844212 858218559
732820831 736183459
731495995 738944827
732652444 735714150
732872415 735704470
729396054 735047273
373208017 400084528
321837030 340523294
730893067 735768224
734199621 738330392
993591132 1000000000
730270274 736911368
409445777 434857058
891436792 924963335
734511275 737311654
732855531 734879848
731736554 736263275
733268244 742578041
734343326 735947936
288049495 289387548
733596682 734623205
730836402 735371042
201432701 242171402
40265803 45563235
861652300 890018885
730958142 738272351
731646739 736537734
583776047 602794311
734400362 736939414
729968438 739143612
732843601 738035518
730686966 734904846
733138149 736833375
873491658 893124101
870899033 914148902
734466773 734836019
506286490 534497104
741516668 766442217
732750192 735899007
839110586 887558328
734195676 734715383
517318233 565994442
867299162 878131290
333500036 341497198
731924430 738708066
646030973 675535397
728796018 737242644
734324958 735193101
730849217 737569501
732229931 734808578
734466273 743261335
682008928 701256882
731957974 740966849
733581142 740253912
733896240 739872138
734406264 738719172
734308649 736831863
731835823 741256486
728884680 735834615
730007023 735935407
731118782 736857110
667368820 675928883
727389474 736532972
728633149 736905557
479941264 522810877
730140215 735728082
911650632 939064422
733199572 735984113
734480922 735713339
730041377 735431269
731763727 737652516
733034502 738321447
957693300 995717454
733370615 735719611
734551475 735063263
733786806 735961584
729896510 738153080
389144121 407402593
732614509 736476034
183381153 199205630
855908038 861809537
448851736 474937165
164514062 191547116
337466431 358729054
732026559 739277416
728136934 735229411
733231003 741836009
730530762 738335949
44475196 62407017
689764238 694612518
731224522 734610907
293924359 326711321
244402478 244572216
731858338 738388566
988351723 1000000000
732706951 739680643
732269618 736020277
731457554 734669721
958147357 960681774
182548525 222786811
374303408 408050374
542007574 559300889
733882666 737791705
733164919 741342299
731658665 736779311
141787820 186177000
459332796 497155925
596583024 645764995
733918123 737074857
731833985 737413933
733787878 740777408
725982574 734603418
728262501 736360691
734430593 738117900
734092513 739941707
730468182 738043718
903755388 943728187
729768024 734730290
438556860 485549011
728499735 735006206
611366887 628250842
731569292 736975022
732829166 738710036
536744952 541789668
732125510 739233825
732276052 740358404
727864846 737309266
330957575 362100439
732514816 739417237
731290539 737337708
731498087 738123343
99230689 121908710
743959232 769509148
730303243 735740649
733344656 737554617
600429620 605181204
586911330 630331858
786404875 825226233
638746575 680084593
734319617 742473240
727694309 734897652
732280234 740441776
733830894 739735521
301766960 331108685
722704249 739904427
730672782 737107982
887605400 902017053
734102283 739032873
734056993 736501017
732846368 734918199
117846501 135965690
733001101 734661144
730593699 735643074
732020576 737727228
733195913 741737567
734121429 735615173
728920215 736804592
734089650 734910279
729750561 736225356
734509558 742869075
806280419 816156311
732458438 740271544
302191414 334084942
273111459 277862094
727695528 735389849
562193442 598125971
155342159 201691100
729658095 735554803
734481287 735293997
733235586 737611846
733825730 735810452
102738072 115616479
455038949 484008793
866134853 913775374
734259709 735769291
732422022 739110630
733143714 739681861
732107630 737481684
734457250 736465729
733795264 735550335
730608488 735349022
731882117 739734818
728850642 736204446
731493844 734927743
733609744 739039231
53168142 68325306
729550791 737292626
729852389 738330691
734328679 739433487
733770090 740902162
284345857 313594713
341749844 367885008
728410520 735257508
728629912 737353703
730597565 737998883
732165061 736240399
533249313 573004938
732985198 735872686
733736482 737938524
731549492 737517471
732594041 734982632
733974001 735325203
733122413 737039371
853751883 856601423
68469076 112167924
183804938 213147644
733086743 735221926
752604749 772085021
894624346 926785198
732618632 740043707
734444678 734766410
705271734 714322657
734529935 738343946
734465075 734588832
734523259 734718287
732184794 734692170
732862159 736113921
731539835 740746685
769076127 803208919
727792293 736017187
907291991 908760486
525098142 550504420
734212472 737876022
465408067 478338657
445305935 455987048
732926649 735085589
729623219 735234843
727099776 736148246
840839386 884349615
863886202 882079210
733774787 736012917
504481185 542769056
521172998 544441255
733757997 741713645
299147284 312988216
733442854 736868834
733911298 738818131
521898627 539214802
655050014 669413241
733344844 739922586
730125232 735428015
731754970 735782794
733683302 735319588
557609023 557880699
730126746 734962308
729793364 738683454
733951531 735073082
733297668 735187362
921621626 958839170
731930819 737281116
734076399 734912866
733641503 736829913
333502074 346645419
37110018 46499639
202168243 215802901
734531191 740483332
258782653 282604920
732476850 736235428
734288100 735805601
733562913 734636950
422809148 435256817
733900343 739559481
509167578 512482696
729414272 735231790
730700781 737508174
7415940 12991318
589196601 620716138
104368734 129913677
730772686 738609549
734365770 737181987
166109158 209883526
734312420 736273385
126658662 132663574
728554733 735536344
733386148 734974920
730362436 735277188
732632442 736137612
900379768 937122291
733884862 735988369
987029412 1000000000
131612504 143247470
734268922 738201718
732496018 738170994
733847269 740329983
733484029 736260651
726966981 735088928
194871852 195450614
733881937 735320248
734086417 743008183
733180874 739671507
70138456 119445972
733599943 739544165
730083538 735718919
193618468 197963911
734212373 742247211
732711252 735036491
66386618 93653514
733800060 753741823
493075908 513128782
728747743 736267846
732249953 734646463
734152191 735487555
733923638 738957175
255887525 280533448
538731142 587128972
408305788 415116230
733101831 735743830
993047398 1000000000
731379448 737149452
732431494 738431149
734379946 738376094
734542170 738467047
734295721 738640305
734445429 736065877
733192836 734749932
733482317 742190270
734458721 735350621
187404467 198940568
768701649 804232983
684452412 706317502
346403900 347829940
706256921 751434986
310995849 320928487
731756540 734834084
733524445 736720774
730533965 735353689
774519309 778701105
734469900 734585738
858680111 877187637
730385033 735846196
496399626 544060635
98859313 138464585
731763236 734943727
733881050 735564850
827589691 853038450
563547600 580023766
979163755 1000000000
731714753 738142034
418463624 459768749
226578854 229327371
731510363 740455886
733801672 735097441
734310495 735139043
728985907 737646346
731264386 738626109
967141296 989656841
492068319 498400732
734066279 736256895
733965726 735578255
524723741 538215806
731855079 734726729
541482445 559925813
729805303 734727974
734073869 736676273
732939960 741719184
402635990 441909089
836264527 864934700
731357838 737341655
731514039 740364534
982268832 1000000000
215872237 216626740
728903184 734760297
728856618 734587027
440903651 486359255
732578119 734697464
734156530 734660399
238465901 241227296
734326937 735012943
49242044 77239194
970366195 984856493
733932671 734975032
734296924 735172986
733537367 736773291
733020334 738291441
733323243 734951610
733962147 735653866
734125751 737084510
726335160 735454901
802523169 838024649
269969097 271677924
732947368 737141491
734359841 734570707
732639041 740388795
734201172 739567307
729632017 737389690
727808718 735946503
733484937 735913123
727025011 736572378
733903725 737535599
914944186 922758061
734274183 740186729
728270436 736685386
733674211 743261173
725104289 734675413
354740003 356505837
535935039 585308752
618695276 622436497
732932929 741244932
732296101 739760771
429863615 432347757
252455198 275216549
492722433 516815704
734079268 738542637
731355065 737513100
990438318 1000000000
949642795 996186767
727670316 735673478
515680894 526122726
732289095 739722089
763172371 782489007
732590175 738368098
734293887 737585244
728462100 736607804
151723930 169965607
734219284 736718741
731390185 735449685
531784580 559211110
730966681 739025276
731409566 740521388
731145128 736709238
734289215 734967302
732436325 736139470
731055484 737379818
436313443 449232645
386369161 427171782
731507888 740390059
428597260 436428717
731558177 735696867
440895698 477759000
732253084 739844458
244059249 244549976
732602207 737912909
3163848 15844884
729280103 737877190
807565187 849963811
732590957 739517135
729968363 739420702
727246698 734703449
734037743 736378820
733458345 736622998
729697686 739173782
734268776 734970620
732387399 735805460
732226633 735217068
731955655 741510941
728104810 737367093
734554506 734963347
729129329 738454964
728751824 735012806
734492953 737420036
852793159 855156852
733480580 734570455
167689783 213368297
732671959 734672519
732258742 736294485
732791761 735584221
728781731 735343635
728657094 736945340
734556964 734791587
732938467 738162060
491964116 494302646
108073417 110902504
731179739 739056197
731756310 740321721
730444956 739960647
771683618 809928920
733039281 735475386
730789290 735878260
731709317 736125172
730476432 734749745
733944465 736253866
726307939 735110920
993020965 1000000000
899766389 947373079
729185574 737925203
734314523 739173842
732614067 739999547
892074375 929905972
733842762 734829690
728512237 735287954
803972155 847630186
733990310 738374489
257149507 278952770
731747608 735593295
734337855 737850944
727691153 735900209
732606681 734599322
731344621 734604302
903636680 941445273
734210832 740384705
734457114 738176097
283296743 329031264
725655197 735218402
732620164 738310978
734022649 734772007
385822301 399406156
734479427 737525295
731780106 734627999
726846325 735110814
734491825 737054634
110730408 140363144
726283705 735039172
733782676 735862426
733539600 738620651
729185949 735549878
732666000 735759382
813183283 836667668
464700782 492342852
995419145 1000000000
730987099 734935733
732977079 734945963
608869328 635200031
196591552 225313435
734143799 739660395
734118579 735794460
708392120 736715359
239044261 243676135
252527279 273976251
897179305 924116292
734074224 737563556
732143745 740376558
734150938 743365707
732748471 736918837
734502375 735916929
369011254 391194110
734082131 736462803
730073108 736872582
674073530 718168462
731761724 735662844
734229176 743546892
204035323 231462279
731096041 735947441
734430139 735393310
78413570 106462094
729405088 735571042
863561947 875326756
320692439 369854488
988237697 1000000000
730988913 737012325
733858528 734663319
733946806 741094716
302493403 318187337
732304997 736538715
733920801 737315105
516578397 543862700
731859416 735863483
672152660 672715721
731866243 739394265
733041315 735746666
729779673 735137889
730656756 739388466
807739010 827945279
283665465 310213131
734084641 738603443
731597577 739252303
731973565 735930118
164607684 176459102
733626534 734819356
43327060 47644434
897517551 938191019
734009200 736975878
881696483 898068607
749140639 752368142
193314964 242697986
810415052 841677704
733811591 736033883
732192409 735467928
733241472 734648107
733468089 738945090
734032456 741829724
726538739 734922013
997619891 1000000000
733272401 734639441
926866990 940976858
728733246 735089256
558057429 591537759
732583802 737086766
932108521 934716020
779671495 783971136
502263531 515126447
733928430 734701545
821267397 851545086
510217028 523121460
777551522 813085871
276791094 316430998
126232026 160502413
318669199 327508997
537904822 554148865
730496956 737819084
289334949 318600260
731245407 735186122
778721338 804125629
730499921 738843600
727669684 736353880
733587151 741922911
470916780 512686273
733186452 734830657
333292909 365081852
977346511 983705924
77182426 119929568
732432328 735066408
733984482 734591298
668927194 697083868
73735061 100605116
731880924 740707662
733767966 738088793
732453876 735135470
794284339 813434372
734386599 734692493
619672813 628065959
726400461 735654825
733841117 735572431
728616586 735384384
732480269 734591695
730714685 735399786
382493279 414973699
586615385 624927766
