500 2000
1 4
5 4
5 9
11 9
11 16
14 16
14 18
19 18
19 22
21 22
21 28
25 28
25 36
31 36
31 39
34 39
34 44
39 44
39 51
41 51
41 53
45 53
45 57
51 57
51 63
54 63
54 71
59 71
59 74
61 74
61 79
65 79
65 86
71 86
71 88
74 88
74 92
79 92
79 98
81 98
81 106
85 106
85 109
91 109
91 114
94 114
94 121
99 121
99 123
101 123
101 127
105 127
105 133
111 133
111 141
114 141
114 144
119 144
119 149
121 149
121 156
125 156
125 158
131 158
131 162
134 162
134 168
139 168
139 176
141 176
141 179
145 179
145 184
151 184
151 191
154 191
154 193
159 193
159 197
161 197
161 203
165 203
165 211
171 211
171 214
174 214
174 219
179 219
179 226
181 226
181 228
185 228
185 232
191 232
191 238
194 238
194 246
199 246
199 249
201 249
201 254
205 254
205 261
211 261
211 263
214 263
214 267
219 267
219 273
221 273
221 281
225 281
225 284
231 284
231 289
234 289
234 296
239 296
239 298
241 298
241 302
245 302
245 308
251 308
251 316
254 316
254 319
259 319
259 324
261 324
261 331
265 331
265 333
271 333
271 337
274 337
274 343
279 343
279 351
281 351
281 354
285 354
285 359
291 359
291 366
294 366
294 368
299 368
299 372
301 372
301 378
305 378
305 386
311 386
311 389
314 389
314 394
319 394
319 401
321 401
321 403
325 403
325 407
331 407
331 413
334 413
334 421
339 421
339 424
341 424
341 429
345 429
345 436
351 436
351 438
354 438
354 442
359 442
359 448
361 448
361 456
365 456
365 459
371 459
371 464
374 464
374 471
379 471
379 473
381 473
381 477
385 477
385 483
391 483
391 491
394 491
394 494
399 494
399 499
401 499
401 500
405 500
411 500
414 500
419 500
421 500
425 500
431 500
434 500
439 500
441 500
445 500
451 500
454 500
459 500
461 500
425 256
214 366
148 219
81 368
98 214
185 498
294 343
151 104
454 237
271 54
214 347
222 226
125 59
244 226
91 246
442 123
66 203
198 389
139 444
375 477
205 347
383 267
500 280
254 21
197 333
405 395
419 110
59 60
153 407
379 305
1 359
354 146
141 455
271 354
121 289
330 477
56 413
5 53
241 156
81 233
365 319
434 176
265 458
101 33
21 65
181 46
329 386
221 229
399 162
378 156
139 35
425 454
381 289
99 129
411 481
119 246
321 181
14 429
194 12
339 222
145 369
111 497
261 140
419 143
158 319
370 1
6 343
194 5
171 194
159 116
104 500
95 57
239 399
155 9
354 343
61 95
51 142
63 114
281 234
39 439
54 70
425 333
334 180
79 188
294 437
110 333
181 157
85 218
254 1
145 384
445 98
131 72
1 124
94 24
189 359
141 453
153 133
45 19
29 109
99 164
41 263
93 74
63 324
111 13
219 397
103 500
245 115
311 106
214 301
159 387
414 168
401 84
351 18
479 359
31 264
45 75
191 293
184 407
180 4
451 306
311 248
261 238
455 123
91 384
341 66
261 88
131 235
74 268
21 116
119 256
299 331
325 70
125 297
301 170
49 424
45 498
79 89
318 477
96 289
101 13
334 409
15 459
425 444
129 500
292 500
23 18
206 483
345 354
439 134
306 403
194 401
54 339
74 77
81 243
114 45
391 163
45 118
155 144
125 209
405 370
311 143
494 354
451 301
354 378
237 500
225 144
105 394
359 238
151 224
447 366
341 249
89 219
331 40
374 96
241 88
1 366
141 314
130 407
161 302
318 203
207 179
451 89
92 500
145 221
254 175
99 278
126 500
1 416
291 2
191 451
232 71
234 360
94 206
105 218
361 401
450 9
205 174
359 120
196 448
199 256
225 233
67 176
134 9
144 109
445 47
311 212
134 332
31 157
449 57
34 160
457 133
119 40
119 210
71 239
194 18
159 114
366 296
354 75
127 4
125 3
105 21
149 500
381 170
391 139
461 421
75 214
131 248
411 114
214 289
285 133
305 306
204 500
193 500
259 336
481 51
399 246
496 471
68 86
345 12
431 398
426 53
225 263
254 6
351 1
231 397
374 206
101 191
176 156
21 279
34 452
247 413
174 58
121 58
365 329
285 215
254 45
265 500
427 421
159 354
218 500
361 144
294 365
425 452
459 65
271 289
189 36
428 500
181 265
239 169
145 116
473 39
261 98
339 500
21 211
85 405
474 438
252 389
235 71
151 387
142 123
359 314
336 448
441 214
371 359
275 39
151 198
11 362
105 6
4 88
446 36
179 51
279 149
265 366
179 435
351 443
472 289
254 368
194 254
269 483
59 366
301 211
350 28
219 196
79 93
394 486
222 86
131 96
435 162
341 434
425 243
213 401
440 121
115 214
205 433
221 430
120 316
104 403
361 49
199 62
179 438
361 197
309 500
81 102
368 228
91 284
11 376
198 500
454 397
3 289
43 156
169 464
449 79
14 285
385 319
301 185
261 19
376 477
34 261
8 263
205 140
149 184
81 158
19 11
299 352
166 197
146 500
364 308
451 175
236 296
51 316
439 491
194 440
261 159
391 54
321 499
314 351
451 336
39 349
50 281
221 249
61 168
238 500
239 485
385 153
271 197
258 79
361 108
181 200
451 273
139 500
74 273
31 330
139 26
105 228
260 366
439 422
74 478
87 500
209 302
401 97
305 410
141 209
352 211
327 366
144 133
59 70
87 429
81 118
31 296
347 296
19 106
482 464
117 109
271 57
425 217
391 114
414 314
231 448
28 238
265 80
159 187
243 500
126 351
401 219
245 241
271 147
274 56
199 237
419 127
154 267
321 281
414 293
195 333
376 500
421 79
25 413
140 500
291 329
397 156
74 81
240 500
399 482
245 32
45 176
205 426
51 481
161 212
45 128
391 182
61 497
67 123
329 500
201 191
201 39
493 331
171 362
411 64
207 319
195 184
49 254
201 470
301 89
41 168
300 228
194 500
174 29
105 466
65 114
71 456
281 365
427 109
1 443
211 423
124 133
396 500
30 436
219 203
279 473
214 336
87 273
201 338
112 114
176 284
411 412
219 422
299 265
119 82
306 57
302 308
427 281
431 123
311 369
229 263
299 495
425 404
45 203
1 39
211 35
261 176
134 303
334 271
379 23
211 289
234 456
31 291
1 16
373 389
42 448
263 500
174 81
28 333
291 65
181 295
62 500
114 320
82 74
164 436
299 500
493 22
434 414
391 479
61 125
299 323
11 130
181 156
271 366
314 228
185 441
447 106
25 16
377 211
103 368
445 459
445 458
242 500
151 57
374 213
429 162
178 133
1 433
248 500
319 337
357 203
431 135
474 424
141 95
111 403
14 415
121 479
405 178
258 18
349 71
268 456
311 347
11 8
300 193
250 500
423 149
383 114
445 124
353 456
383 366
305 380
51 126
441 297
171 263
301 465
274 132
274 120
318 351
131 396
77 500
61 221
161 436
399 387
94 131
165 449
91 500
281 176
139 22
494 133
54 209
444 491
348 500
458 226
211 366
187 491
297 343
99 95
384 302
425 381
311 88
13 74
1 414
214 299
470 203
371 123
199 299
134 267
139 200
28 324
234 141
431 376
351 500
371 1
228 413
103 4
331 471
327 421
83 156
417 39
82 500
306 324
351 231
34 8
423 184
422 500
383 144
26 193
99 493
345 483
272 448
286 79
141 376
231 326
391 37
191 444
391 40
425 234
339 209
241 500
375 319
454 13
361 233
11 226
425 103
265 279
219 164
234 155
360 228
301 351
314 63
314 237
19 455
431 444
181 131
454 119
379 431
339 275
402 421
39 247
342 421
265 459
99 303
379 205
79 267
39 279
185 115
454 24
492 39
393 499
365 246
114 216
341 426
285 217
398 289
98 281
359 446
498 1
14 500
339 80
207 127
339 498
449 273
291 330
16 114
286 442
231 129
165 243
81 306
143 57
105 419
445 38
491 386
1 470
41 92
25 109
134 25
385 364
154 397
238 114
394 423
388 372
296 184
339 456
455 197
159 209
199 316
276 436
74 387
251 499
150 500
314 51
5 299
91 448
79 283
409 421
452 273
450 477
343 71
285 169
365 337
221 210
463 133
165 44
245 420
440 133
365 132
85 136
54 217
239 213
186 368
265 213
348 424
301 345
354 461
101 424
371 492
384 471
291 143
314 354
334 143
186 179
281 147
161 484
101 133
339 399
119 266
324 71
138 407
239 316
17 156
286 281
341 489
51 98
339 217
359 199
371 88
371 448
159 78
91 175
140 337
319 186
495 289
314 1
199 446
71 328
234 24
247 57
500 279
251 361
352 343
299 248
191 285
48 226
399 190
114 232
71 476
19 235
31 184
85 333
65 105
194 483
459 182
111 201
374 338
341 401
311 322
305 364
11 473
239 104
91 68
141 54
194 177
230 232
467 448
265 102
375 500
109 429
399 140
294 483
51 268
25 53
371 347
339 249
326 123
162 471
395 254
286 500
65 429
81 168
486 499
100 473
90 211
444 9
119 146
274 82
274 138
31 436
361 288
81 68
495 123
249 500
111 464
445 236
114 321
1 300
254 117
211 71
243 324
499 368
88 500
99 209
399 249
111 343
115 57
488 354
339 273
483 4
127 71
216 141
149 9
439 443
79 280
165 183
500 170
453 184
431 66
205 191
394 220
391 57
427 386
179 361
245 113
268 109
379 498
349 494
348 219
111 462
250 228
373 298
71 442
241 123
191 230
431 50
394 199
319 199
151 295
500 316
139 95
394 394
217 500
441 448
181 481
91 214
162 168
231 406
294 42
118 214
446 22
119 500
173 500
11 82
339 236
45 8
495 331
118 168
65 234
31 452
51 413
99 275
271 500
54 273
379 445
349 74
351 158
389 500
205 382
485 4
439 453
54 394
361 106
201 394
161 154
252 343
368 214
99 79
159 76
459 52
184 500
454 223
357 500
111 73
265 429
328 500
232 176
181 219
190 263
265 43
43 191
227 106
41 248
376 359
485 500
391 412
351 483
156 500
479 500
14 291
395 9
49 127
54 270
181 389
102 500
137 133
256 92
425 65
119 324
161 98
394 375
339 419
265 415
81 362
233 351
394 208
91 43
99 193
145 211
41 181
365 74
54 214
11 268
24 133
274 39
99 61
4 500
1 491
274 189
114 234
245 6
358 36
54 227
327 407
483 127
154 277
214 454
106 9
452 254
93 477
231 24
311 459
221 64
65 64
425 113
305 90
345 244
274 19
14 351
294 407
74 22
365 145
31 281
47 324
343 500
164 401
165 100
396 368
314 144
379 137
459 44
191 472
279 446
183 456
159 188
179 347
311 36
225 185
259 263
299 244
211 103
22 63
45 52
131 154
441 302
217 22
101 216
437 191
380 500
134 204
419 220
201 500
500 284
434 377
151 147
482 193
321 343
439 226
222 232
81 53
221 6
300 281
351 381
205 315
281 118
18 421
100 459
258 389
239 191
468 168
26 368
451 384
387 407
31 425
407 39
381 74
94 420
58 51
1 160
454 266
483 389
31 250
66 500
126 211
389 261
262 219
107 273
125 96
279 119
231 35
329 109
143 500
148 403
171 500
119 486
181 79
314 297
10 289
294 243
402 36
191 485
224 191
236 500
9 401
159 344
225 273
390 71
434 374
121 209
271 334
345 141
194 438
333 74
33 316
382 500
385 71
387 471
159 9
240 246
199 86
401 232
421 453
374 271
245 331
414 238
294 36
356 500
454 40
311 449
332 500
500 462
47 232
154 168
305 405
121 4
261 28
219 45
254 232
7 448
205 57
74 383
385 211
281 334
204 368
374 390
281 190
151 171
157 316
193 9
325 420
466 394
81 311
214 475
299 41
101 474
59 171
401 244
419 39
204 273
133 214
51 267
61 148
431 456
290 448
451 215
215 500
72 22
414 313
261 494
211 125
201 124
5 165
361 344
104 302
211 359
241 89
137 79
201 149
241 193
445 409
52 500
165 431
119 464
414 442
51 359
281 109
274 231
105 492
449 44
493 158
291 42
39 477
5 39
305 4
405 274
151 63
179 362
458 98
306 500
175 500
374 250
445 401
48 500
310 500
258 254
129 442
181 456
379 148
381 233
227 500
161 248
25 27
205 288
54 499
154 485
234 28
234 86
159 444
383 477
139 336
19 281
413 193
39 305
179 144
414 429
321 255
414 15
125 206
164 500
335 273
319 452
441 196
441 252
198 228
414 455
331 394
219 377
320 123
86 226
456 28
105 499
118 141
231 205
54 138
88 267
374 483
399 424
374 351
69 144
467 438
119 378
254 442
154 447
291 374
101 347
272 500
362 254
355 302
174 236
125 500
354 202
159 459
345 145
174 367
474 324
165 489
445 333
371 500
361 9
440 343
345 75
451 421
151 302
105 225
205 101
425 222
14 391
399 144
490 263
199 500
218 372
404 459
59 88
334 136
365 372
131 331
67 249
454 92
169 500
194 221
391 170
254 44
415 296
421 417
174 475
331 395
331 296
165 192
51 122
480 127
439 62
321 95
467 442
165 157
296 500
445 337
221 51
359 231
145 500
315 477
459 460
359 81
351 395
355 193
218 238
31 141
362 284
18 324
425 88
311 494
210 359
168 219
500 401
314 355
154 13
231 87
442 261
252 176
243 296
306 473
451 183
291 212
40 424
125 149
159 245
274 399
169 133
199 95
96 16
155 337
10 337
311 272
470 53
151 83
305 420
131 117
181 29
41 331
81 192
234 118
314 4
261 306
231 270
439 426
478 284
221 289
411 403
25 433
125 415
191 273
74 263
394 67
301 168
121 500
411 424
82 261
365 340
311 171
393 298
231 296
282 1
99 232
441 53
20 429
461 402
398 500
281 226
119 371
411 109
99 276
226 273
474 232
421 389
85 296
53 494
25 9
94 261
365 235
43 63
234 435
295 389
14 380
159 143
141 196
421 139
33 18
382 168
339 99
239 42
366 500
131 425
54 191
221 375
211 371
69 477
431 19
122 156
199 160
251 103
339 228
384 18
236 477
34 434
363 333
465 343
196 197
165 114
21 308
305 22
79 61
414 78
24 500
99 71
91 445
49 459
76 500
374 407
278 123
319 403
131 9
301 118
439 166
321 166
151 87
414 93
332 162
239 253
270 500
331 198
456 51
225 426
365 362
106 324
365 230
339 407
328 28
25 168
115 88
131 354
126 403
431 80
367 337
419 360
174 92
103 442
39 479
305 280
45 49
334 447
77 464
159 347
235 319
259 214
231 209
499 9
361 500
136 133
269 44
391 109
500 324
231 207
361 185
202 133
271 17
274 457
221 401
41 160
295 36
387 18
351 30
85 360
81 18
451 106
474 500
373 263
287 281
434 461
6 351
7 4
59 386
154 226
194 197
367 386
39 70
279 402
194 403
314 136
5 138
486 359
324 500
79 196
235 88
347 324
16 456
346 263
184 281
128 109
63 168
401 133
434 131
214 229
411 123
61 192
337 1
221 54
86 368
14 217
254 274
221 500
165 298
454 45
459 205
359 333
302 246
365 101
81 487
383 211
252 500
11 52
365 384
185 146
111 127
41 167
156 456
34 370
331 351
459 106
199 365
14 77
71 65
281 87
381 401
99 332
281 157
232 211
262 228
31 274
241 224
54 22
272 413
317 267
381 189
280 500
260 133
81 116
68 92
437 456
239 240
421 39
381 57
151 473
299 477
38 238
131 422
59 469
50 471
51 363
305 179
274 295
265 221
88 53
364 500
198 407
451 495
399 260
331 292
160 456
54 458
231 99
164 442
94 218
293 197
483 477
73 499
159 40
191 200
222 121
21 378
119 141
187 53
302 289
282 168
479 464
441 284
334 284
134 146
365 500
217 203
54 294
168 316
280 74
275 499
105 112
296 203
218 429
25 456
351 397
271 42
137 226
138 263
71 93
319 163
105 496
314 167
250 483
119 70
374 379
461 227
201 391
414 284
325 298
99 39
135 500
385 361
319 31
254 398
114 197
331 362
258 471
119 163
221 442
279 271
234 232
309 331
282 500
191 446
476 71
1 72
225 219
91 38
23 149
401 110
325 483
444 429
311 261
336 351
419 12
245 486
454 77
331 392
31 63
391 436
359 197
105 479
145 213
201 65
271 356
359 377
399 226
421 2
242 337
159 382
83 298
328 57
379 219
295 263
385 32
447 203
206 74
166 226
119 294
414 49
167 464
246 500
398 162
331 391
245 120
328 246
156 351
159 118
20 246
114 296
445 435
221 351
91 84
445 387
274 149
31 74
153 63
451 417
165 130
181 452
281 477
165 246
436 337
80 74
341 242
345 78
199 106
318 298
261 125
386 53
260 211
439 374
411 180
442 141
391 39
318 141
145 495
425 345
259 250
129 98
114 198
194 337
499 141
46 343
325 378
205 435
111 37
345 408
354 439
99 30
373 141
439 448
19 421
490 36
180 500
207 500
195 500
294 207
432 477
379 199
258 156
351 213
161 407
65 269
314 198
121 164
457 500
226 500
151 186
462 500
414 470
161 198
99 448
301 109
451 295
441 326
271 204
165 476
371 222
171 30
200 28
134 127
238 121
238 267
293 219
441 442
364 333
154 431
208 86
425 483
54 407
186 500
262 413
171 301
321 407
405 460
244 106
454 205
474 51
207 471
305 318
99 60
445 260
307 184
257 254
254 244
234 247
345 36
201 374
419 76
178 162
387 214
149 53
14 106
155 193
348 28
161 494
431 38
63 337
394 371
286 228
191 179
139 223
319 158
495 28
434 79
336 324
435 141
174 71
99 216
373 477
21 252
345 383
39 72
320 354
159 222
441 150
493 456
293 121
269 477
492 473
211 297
242 238
79 249
154 70
181 374
165 133
281 69
125 86
41 232
109 500
451 100
142 214
434 194
351 270
40 149
145 198
499 500
105 276
252 211
239 417
252 263
331 360
299 315
125 238
14 264
89 442
151 312
205 344
354 197
385 37
319 475
425 487
411 368
53 424
91 282
441 459
84 499
225 157
211 491
72 351
211 458
79 377
1 1 461 500
