50 1000
1 4
5 4
5 9
11 9
11 16
14 16
14 18
19 18
19 22
21 22
21 28
25 28
25 36
31 36
31 39
34 39
34 44
39 44
39 50
41 50
45 50
50 50
50 12
4 50
43 22
1 18
28 9
39 40
20 4
25 42
41 2
21 47
41 24
21 33
25 16
39 39
39 23
45 17
1 11
5 39
11 24
1 28
50 21
14 50
20 50
47 22
50 7
19 12
20 16
46 4
4 4
39 17
11 50
50 44
34 24
5 12
5 48
39 41
41 39
21 40
49 16
23 22
34 50
50 40
19 15
41 14
36 50
34 16
30 50
38 22
19 36
39 36
1 38
34 12
5 37
31 12
11 30
11 23
45 42
25 27
35 4
19 16
31 16
31 50
21 23
14 49
31 21
39 5
44 4
50 2
7 28
1 16
1 40
50 9
2 36
34 15
14 6
50 33
34 20
50 36
41 30
45 6
45 20
17 28
5 36
31 35
19 10
5 3
13 50
31 14
11 8
39 42
19 42
25 9
25 8
21 35
42 39
7 50
15 44
1 36
9 36
45 19
43 9
21 18
21 31
1 22
34 9
22 39
41 23
32 36
32 50
39 3
19 3
22 50
25 4
19 7
17 1
31 42
3 4
5 23
50 17
14 2
50 24
39 29
46 22
14 37
8 50
21 13
19 50
5 20
50 16
50 4
28 36
35 9
47 18
42 50
44 50
9 50
26 9
13 22
23 50
34 36
14 31
21 42
9 39
21 17
27 50
15 50
39 46
44 28
50 37
1 29
11 14
16 44
50 48
18 44
37 50
11 37
5 27
19 5
39 1
41 38
21 4
14 32
50 25
25 25
5 31
23 16
47 50
32 22
30 9
38 28
39 47
1 17
34 19
5 40
21 24
25 43
24 50
21 9
14 40
31 49
45 18
28 22
39 24
14 27
41 22
45 13
31 28
14 35
41 37
21 50
20 44
50 23
18 50
41 5
1 35
3 50
3 9
25 15
33 9
19 26
31 44
32 1
50 6
50 18
25 2
50 3
34 42
50 30
6 4
5 18
12 50
13 4
46 50
5 14
33 28
25 1
39 22
11 18
14 38
50 26
19 1
43 50
45 36
19 2
2 18
41 46
37 36
35 44
5 24
45 23
21 29
14 25
40 50
39 48
34 4
50 29
38 50
10 16
39 28
31 41
45 7
4 39
1 32
31 26
9 4
45 28
50 38
16 28
26 4
39 38
50 28
34 7
25 48
14 46
1 15
50 1
5 50
48 16
15 28
47 4
50 47
22 9
5 11
45 4
14 22
11 38
50 13
36 28
35 36
50 49
25 44
41 40
1 10
36 36
11 47
11 27
2 50
21 10
32 18
34 17
45 3
14 1
25 47
14 12
24 36
45 39
45 44
39 14
11 22
46 28
31 3
21 25
31 29
11 44
1 12
50 11
45 9
28 50
43 1
48 28
29 50
43 28
30 39
1 20
16 39
1 47
25 50
27 28
15 18
3 22
31 1
41 6
20 39
14 44
18 39
25 31
31 30
50 43
50 20
19 40
25 32
45 10
25 24
34 18
21 8
11 33
45 38
50 45
31 22
19 29
7 22
21 34
25 7
42 18
5 13
35 50
26 22
42 22
5 17
34 21
4 44
25 49
31 43
21 16
50 22
25 10
11 28
41 13
34 33
6 18
1 9
1 48
41 27
50 5
41 26
4 36
19 39
46 9
33 50
41 36
33 39
5 6
34 13
39 27
8 16
45 16
45 24
26 18
41 48
39 11
23 18
39 18
3 44
5 8
14 5
17 39
50 41
43 36
38 36
50 46
19 44
27 18
5 26
18 22
34 34
37 16
30 18
34 28
50 32
39 37
21 45
25 34
50 10
26 50
19 23
50 14
42 28
25 23
34 38
39 25
41 9
27 22
1 49
25 26
14 43
40 28
14 39
34 27
19 20
36 9
39 4
39 7
41 17
10 50
46 44
44 44
41 41
14 24
26 39
45 46
41 28
33 1
7 36
19 27
11 43
49 22
11 26
21 11
50 31
41 1
31 13
19 13
41 8
13 44
25 11
31 45
37 22
37 4
34 48
34 14
11 15
41 21
5 21
11 29
33 44
1 45
34 5
18 9
34 3
50 8
16 50
39 2
1 43
42 44
19 31
35 16
19 9
23 9
15 22
6 39
11 20
41 3
50 39
41 44
45 43
41 43
29 44
45 5
41 7
11 13
32 44
47 39
48 50
18 28
41 4
43 4
5 46
7 9
19 35
29 39
48 39
14 20
31 33
43 44
50 42
49 50
41 34
5 33
21 49
11 21
25 22
1 46
17 36
31 10
31 9
32 28
1 50
50 34
31 40
11 46
21 3
1 33
9 16
23 36
11 31
50 19
47 16
47 1
2 4
50 27
5 32
27 4
41 32
41 47
13 16
37 18
14 33
39 8
39 10
11 49
50 15
2 22
20 22
47 9
5 29
27 16
45 31
17 9
9 18
5 44
28 1
13 1
21 36
21 44
14 42
3 1
39 49
5 10
39 35
31 48
25 5
5 28
1 37
21 46
11 36
17 50
14 11
8 9
36 44
19 33
11 45
39 26
14 21
39 34
6 50
14 14
43 18
16 22
1 8
32 9
3 16
10 36
1 42
11 4
37 44
25 38
31 34
1 44
19 21
14 28
31 32
21 2
1 3
45 48
45 33
45 40
41 42
1 7
34 40
12 18
10 4
23 44
25 3
6 28
8 4
13 28
7 44
10 18
19 8
25 30
5 41
39 9
30 44
1 27
45 8
18 18
29 28
35 28
32 16
34 1
39 45
45 1
41 18
24 16
25 35
29 22
16 4
49 44
50 35
28 28
21 21
34 43
5 45
34 30
38 16
25 17
4 1
34 10
5 19
20 9
45 49
21 19
42 9
22 16
39 32
26 36
44 18
34 31
19 19
49 18
26 1
12 39
5 2
11 41
5 30
33 18
1 19
5 1
17 44
19 37
16 16
44 36
47 28
45 32
25 40
13 39
24 22
2 16
31 25
34 37
39 6
4 9
31 20
21 37
28 39
45 47
31 18
26 16
10 44
38 4
27 39
46 18
11 39
25 13
19 17
21 12
35 22
5 38
41 12
46 39
5 25
17 16
39 20
39 15
7 18
31 46
28 16
25 18
24 18
24 4
34 22
5 5
25 33
10 28
37 28
1 14
5 16
42 4
20 36
20 1
24 9
22 18
11 7
6 1
7 39
39 43
14 30
34 45
19 28
45 11
7 16
4 28
21 5
12 28
14 36
30 4
12 16
11 19
40 4
33 36
34 41
21 14
16 36
36 18
31 7
34 32
11 5
30 16
1 31
1 13
6 44
34 23
15 39
39 13
1 25
45 22
5 35
34 47
40 44
11 3
14 7
14 19
30 36
14 4
13 9
31 5
45 30
33 22
10 39
11 42
16 18
25 6
21 32
1 39
1 24
45 27
47 36
41 10
34 46
2 39
11 11
31 17
34 11
15 9
45 34
25 46
14 29
28 44
19 41
5 47
49 39
25 37
39 12
41 25
12 22
8 22
38 9
40 9
24 1
3 18
19 49
41 33
41 20
2 28
21 43
19 24
22 28
44 1
14 47
22 22
45 15
5 49
40 22
28 18
21 48
41 31
16 9
39 16
45 41
21 1
11 17
45 12
31 47
14 3
48 44
41 49
14 9
34 29
41 19
1 5
1 34
29 18
11 25
25 20
21 41
19 34
31 6
33 16
44 16
9 9
21 39
11 48
31 8
42 1
13 18
18 36
41 29
14 23
17 18
23 28
19 32
35 18
46 16
10 1
34 26
34 49
39 21
23 1
3 28
38 18
15 36
32 39
21 38
34 8
14 26
11 6
8 39
15 4
21 15
6 36
45 21
38 39
45 26
44 39
22 44
19 11
14 34
25 12
18 16
45 37
36 16
14 8
47 44
38 44
25 19
48 9
19 45
8 28
45 45
39 19
25 14
12 1
36 22
17 22
6 16
48 4
8 44
43 39
25 29
22 4
23 4
12 44
23 39
39 31
49 9
29 16
25 39
49 4
11 1
31 11
45 25
14 45
14 17
13 36
19 25
14 41
18 4
39 33
41 11
40 36
30 22
10 9
36 4
11 35
12 36
49 36
24 28
45 2
8 36
21 20
35 1
24 44
45 35
4 16
21 6
11 2
14 10
38 1
1 6
2 44
4 18
40 16
36 39
15 1
11 32
31 19
21 26
1 21
40 39
48 36
9 44
9 28
3 36
11 12
25 21
21 30
31 2
49 28
11 40
15 16
1 2
31 4
1 41
16 1
7 4
44 22
19 47
41 45
19 46
27 9
34 35
19 6
19 30
27 44
22 1
28 4
31 37
42 36
31 31
5 22
33 4
19 43
19 14
31 15
43 16
20 18
11 34
24 39
14 48
25 41
44 9
27 36
35 39
48 18
34 2
5 7
49 1
26 28
45 14
31 27
1 30
45 29
19 48
40 1
34 25
1 26
25 45
14 13
1 1 50 50
