1234
1235
1236
1237
1238
1243
1245
1246
1247
1248
1253
1254
1256
1257
1258
1263
1264
1265
1267
1268
1273
1274
1275
1276
1278
1283
1284
1285
1286
1287
1324
1325
1326
1327
1328
1342
1345
1346
1347
1348
1352
1354
1356
1357
1358
1362
1364
1365
1367
1368
1372
1374
1375
1376
1378
1382
1384
1385
1386
1387
1423
1425
1426
1427
1428
1432
1435
1436
1437
1438
1452
1453
1456
1457
1458
1462
1463
1465
1467
1468
1472
1473
1475
1476
1478
1482
1483
1485
1486
1487
1523
1524
1526
1527
1528
1532
1534
1536
1537
1538
1542
1543
1546
1547
1548
1562
1563
1564
1567
1568
1572
1573
1574
1576
1578
1582
1583
1584
1586
1587
1623
1624
1625
1627
1628
1632
1634
1635
1637
1638
1642
1643
1645
1647
1648
1652
1653
1654
1657
1658
1672
1673
1674
1675
1678
1682
1683
1684
1685
1687
1723
1724
1725
1726
1728
1732
1734
1735
1736
1738
1742
1743
1745
1746
1748
1752
1753
1754
1756
1758
1762
1763
1764
1765
1768
1782
1783
1784
1785
1786
1823
1824
1825
1826
1827
1832
1834
1835
1836
1837
1842
1843
1845
1846
1847
1852
1853
1854
1856
1857
1862
1863
1864
1865
1867
1872
1873
1874
1875
1876
2134
2135
2136
2137
2138
2143
2145
2146
2147
2148
2153
2154
2156
2157
2158
2163
2164
2165
2167
2168
2173
2174
2175
2176
2178
2183
2184
2185
2186
2187
2314
2315
2316
2317
2318
2341
2345
2346
2347
2348
2351
2354
2356
2357
2358
2361
2364
2365
2367
2368
2371
2374
2375
2376
2378
2381
2384
2385
2386
2387
2413
2415
2416
2417
2418
2431
2435
2436
2437
2438
2451
2453
2456
2457
2458
2461
2463
2465
2467
2468
2471
2473
2475
2476
2478
2481
2483
2485
2486
2487
2513
2514
2516
2517
2518
2531
2534
2536
2537
2538
2541
2543
2546
2547
2548
2561
2563
2564
2567
2568
2571
2573
2574
2576
2578
2581
2583
2584
2586
2587
2613
2614
2615
2617
2618
2631
2634
2635
2637
2638
2641
2643
2645
2647
2648
2651
2653
2654
2657
2658
2671
2673
2674
2675
2678
2681
2683
2684
2685
2687
2713
2714
2715
2716
2718
2731
2734
2735
2736
2738
2741
2743
2745
2746
2748
2751
2753
2754
2756
2758
2761
2763
2764
2765
2768
2781
2783
2784
2785
2786
2813
2814
2815
2816
2817
2831
2834
2835
2836
2837
2841
2843
2845
2846
2847
2851
2853
2854
2856
2857
2861
2863
2864
2865
2867
2871
2873
2874
2875
2876
3124
3125
3126
3127
3128
3142
3145
3146
3147
3148
3152
3154
3156
3157
3158
3162
3164
3165
3167
3168
3172
3174
3175
3176
3178
3182
3184
3185
3186
3187
3214
3215
3216
3217
3218
3241
3245
3246
3247
3248
3251
3254
3256
3257
3258
3261
3264
3265
3267
3268
3271
3274
3275
3276
3278
3281
3284
3285
3286
3287
3412
3415
3416
3417
3418
3421
3425
3426
3427
3428
3451
3452
3456
3457
3458
3461
3462
3465
3467
3468
3471
3472
3475
3476
3478
3481
3482
3485
3486
3487
3512
3514
3516
3517
3518
3521
3524
3526
3527
3528
3541
3542
3546
3547
3548
3561
3562
3564
3567
3568
3571
3572
3574
3576
3578
3581
3582
3584
3586
3587
3612
3614
3615
3617
3618
3621
3624
3625
3627
3628
3641
3642
3645
3647
3648
3651
3652
3654
3657
3658
3671
3672
3674
3675
3678
3681
3682
3684
3685
3687
3712
3714
3715
3716
3718
3721
3724
3725
3726
3728
3741
3742
3745
3746
3748
3751
3752
3754
3756
3758
3761
3762
3764
3765
3768
3781
3782
3784
3785
3786
3812
3814
3815
3816
3817
3821
3824
3825
3826
3827
3841
3842
3845
3846
3847
3851
3852
3854
3856
3857
3861
3862
3864
3865
3867
3871
3872
3874
3875
3876
4123
4125
4126
4127
4128
4132
4135
4136
4137
4138
4152
4153
4156
4157
4158
4162
4163
4165
4167
4168
4172
4173
4175
4176
4178
4182
4183
4185
4186
4187
4213
4215
4216
4217
4218
4231
4235
4236
4237
4238
4251
4253
4256
4257
4258
4261
4263
4265
4267
4268
4271
4273
4275
4276
4278
4281
4283
4285
4286
4287
4312
4315
4316
4317
4318
4321
4325
4326
4327
4328
4351
4352
4356
4357
4358
4361
4362
4365
4367
4368
4371
4372
4375
4376
4378
4381
4382
4385
4386
4387
4512
4513
4516
4517
4518
4521
4523
4526
4527
4528
4531
4532
4536
4537
4538
4561
4562
4563
4567
4568
4571
4572
4573
4576
4578
4581
4582
4583
4586
4587
4612
4613
4615
4617
4618
4621
4623
4625
4627
4628
4631
4632
4635
4637
4638
4651
4652
4653
4657
4658
4671
4672
4673
4675
4678
4681
4682
4683
4685
4687
4712
4713
4715
4716
4718
4721
4723
4725
4726
4728
4731
4732
4735
4736
4738
4751
4752
4753
4756
4758
4761
4762
4763
4765
4768
4781
4782
4783
4785
4786
4812
4813
4815
4816
4817
4821
4823
4825
4826
4827
4831
4832
4835
4836
4837
4851
4852
4853
4856
4857
4861
4862
4863
4865
4867
4871
4872
4873
4875
4876
5123
5124
5126
5127
5128
5132
5134
5136
5137
5138
5142
5143
5146
5147
5148
5162
5163
5164
5167
5168
5172
5173
5174
5176
5178
5182
5183
5184
5186
5187
5213
5214
5216
5217
5218
5231
5234
5236
5237
5238
5241
5243
5246
5247
5248
5261
5263
5264
5267
5268
5271
5273
5274
5276
5278
5281
5283
5284
5286
5287
5312
5314
5316
5317
5318
5321
5324
5326
5327
5328
5341
5342
5346
5347
5348
5361
5362
5364
5367
5368
5371
5372
5374
5376
5378
5381
5382
5384
5386
5387
5412
5413
5416
5417
5418
5421
5423
5426
5427
5428
5431
5432
5436
5437
5438
5461
5462
5463
5467
5468
5471
5472
5473
5476
5478
5481
5482
5483
5486
5487
5612
5613
5614
5617
5618
5621
5623
5624
5627
5628
5631
5632
5634
5637
5638
5641
5642
5643
5647
5648
5671
5672
5673
5674
5678
5681
5682
5683
5684
5687
5712
5713
5714
5716
5718
5721
5723
5724
5726
5728
5731
5732
5734
5736
5738
5741
5742
5743
5746
5748
5761
5762
5763
5764
5768
5781
5782
5783
5784
5786
5812
5813
5814
5816
5817
5821
5823
5824
5826
5827
5831
5832
5834
5836
5837
5841
5842
5843
5846
5847
5861
5862
5863
5864
5867
5871
5872
5873
5874
5876
6123
6124
6125
6127
6128
6132
6134
6135
6137
6138
6142
6143
6145
6147
6148
6152
6153
6154
6157
6158
6172
6173
6174
6175
6178
6182
6183
6184
6185
6187
6213
6214
6215
6217
6218
6231
6234
6235
6237
6238
6241
6243
6245
6247
6248
6251
6253
6254
6257
6258
6271
6273
6274
6275
6278
6281
6283
6284
6285
6287
6312
6314
6315
6317
6318
6321
6324
6325
6327
6328
6341
6342
6345
6347
6348
6351
6352
6354
6357
6358
6371
6372
6374
6375
6378
6381
6382
6384
6385
6387
6412
6413
6415
6417
6418
6421
6423
6425
6427
6428
6431
6432
6435
6437
6438
6451
6452
6453
6457
6458
6471
6472
6473
6475
6478
6481
6482
6483
6485
6487
6512
6513
6514
6517
6518
6521
6523
6524
6527
6528
6531
6532
6534
6537
6538
6541
6542
6543
6547
6548
6571
6572
6573
6574
6578
6581
6582
6583
6584
6587
6712
6713
6714
6715
6718
6721
6723
6724
6725
6728
6731
6732
6734
6735
6738
6741
6742
6743
6745
6748
6751
6752
6753
6754
6758
6781
6782
6783
6784
6785
6812
6813
6814
6815
6817
6821
6823
6824
6825
6827
6831
6832
6834
6835
6837
6841
6842
6843
6845
6847
6851
6852
6853
6854
6857
6871
6872
6873
6874
6875
7123
7124
7125
7126
7128
7132
7134
7135
7136
7138
7142
7143
7145
7146
7148
7152
7153
7154
7156
7158
7162
7163
7164
7165
7168
7182
7183
7184
7185
7186
7213
7214
7215
7216
7218
7231
7234
7235
7236
7238
7241
7243
7245
7246
7248
7251
7253
7254
7256
7258
7261
7263
7264
7265
7268
7281
7283
7284
7285
7286
7312
7314
7315
7316
7318
7321
7324
7325
7326
7328
7341
7342
7345
7346
7348
7351
7352
7354
7356
7358
7361
7362
7364
7365
7368
7381
7382
7384
7385
7386
7412
7413
7415
7416
7418
7421
7423
7425
7426
7428
7431
7432
7435
7436
7438
7451
7452
7453
7456
7458
7461
7462
7463
7465
7468
7481
7482
7483
7485
7486
7512
7513
7514
7516
7518
7521
7523
7524
7526
7528
7531
7532
7534
7536
7538
7541
7542
7543
7546
7548
7561
7562
7563
7564
7568
7581
7582
7583
7584
7586
7612
7613
7614
7615
7618
7621
7623
7624
7625
7628
7631
7632
7634
7635
7638
7641
7642
7643
7645
7648
7651
7652
7653
7654
7658
7681
7682
7683
7684
7685
7812
7813
7814
7815
7816
7821
7823
7824
7825
7826
7831
7832
7834
7835
7836
7841
7842
7843
7845
7846
7851
7852
7853
7854
7856
7861
7862
7863
7864
7865
8123
8124
8125
8126
8127
8132
8134
8135
8136
8137
8142
8143
8145
8146
8147
8152
8153
8154
8156
8157
8162
8163
8164
8165
8167
8172
8173
8174
8175
8176
8213
8214
8215
8216
8217
8231
8234
8235
8236
8237
8241
8243
8245
8246
8247
8251
8253
8254
8256
8257
8261
8263
8264
8265
8267
8271
8273
8274
8275
8276
8312
8314
8315
8316
8317
8321
8324
8325
8326
8327
8341
8342
8345
8346
8347
8351
8352
8354
8356
8357
8361
8362
8364
8365
8367
8371
8372
8374
8375
8376
8412
8413
8415
8416
8417
8421
8423
8425
8426
8427
8431
8432
8435
8436
8437
8451
8452
8453
8456
8457
8461
8462
8463
8465
8467
8471
8472
8473
8475
8476
8512
8513
8514
8516
8517
8521
8523
8524
8526
8527
8531
8532
8534
8536
8537
8541
8542
8543
8546
8547
8561
8562
8563
8564
8567
8571
8572
8573
8574
8576
8612
8613
8614
8615
8617
8621
8623
8624
8625
8627
8631
8632
8634
8635
8637
8641
8642
8643
8645
8647
8651
8652
8653
8654
8657
8671
8672
8673
8674
8675
8712
8713
8714
8715
8716
8721
8723
8724
8725
8726
8731
8732
8734
8735
8736
8741
8742
8743
8745
8746
8751
8752
8753
8754
8756
8761
8762
8763
8764
8765
