1234
1235
1236
1237
1238
1239
12310
1243
1245
1246
1247
1248
1249
12410
1253
1254
1256
1257
1258
1259
12510
1263
1264
1265
1267
1268
1269
12610
1273
1274
1275
1276
1278
1279
12710
1283
1284
1285
1286
1287
1289
12810
1293
1294
1295
1296
1297
1298
12910
12103
12104
12105
12106
12107
12108
12109
1324
1325
1326
1327
1328
1329
13210
1342
1345
1346
1347
1348
1349
13410
1352
1354
1356
1357
1358
1359
13510
1362
1364
1365
1367
1368
1369
13610
1372
1374
1375
1376
1378
1379
13710
1382
1384
1385
1386
1387
1389
13810
1392
1394
1395
1396
1397
1398
13910
13102
13104
13105
13106
13107
13108
13109
1423
1425
1426
1427
1428
1429
14210
1432
1435
1436
1437
1438
1439
14310
1452
1453
1456
1457
1458
1459
14510
1462
1463
1465
1467
1468
1469
14610
1472
1473
1475
1476
1478
1479
14710
1482
1483
1485
1486
1487
1489
14810
1492
1493
1495
1496
1497
1498
14910
14102
14103
14105
14106
14107
14108
14109
1523
1524
1526
1527
1528
1529
15210
1532
1534
1536
1537
1538
1539
15310
1542
1543
1546
1547
1548
1549
15410
1562
1563
1564
1567
1568
1569
15610
1572
1573
1574
1576
1578
1579
15710
1582
1583
1584
1586
1587
1589
15810
1592
1593
1594
1596
1597
1598
15910
15102
15103
15104
15106
15107
15108
15109
1623
1624
1625
1627
1628
1629
16210
1632
1634
1635
1637
1638
1639
16310
1642
1643
1645
1647
1648
1649
16410
1652
1653
1654
1657
1658
1659
16510
1672
1673
1674
1675
1678
1679
16710
1682
1683
1684
1685
1687
1689
16810
1692
1693
1694
1695
1697
1698
16910
16102
16103
16104
16105
16107
16108
16109
1723
1724
1725
1726
1728
1729
17210
1732
1734
1735
1736
1738
1739
17310
1742
1743
1745
1746
1748
1749
17410
1752
1753
1754
1756
1758
1759
17510
1762
1763
1764
1765
1768
1769
17610
1782
1783
1784
1785
1786
1789
17810
1792
1793
1794
1795
1796
1798
17910
17102
17103
17104
17105
17106
17108
17109
1823
1824
1825
1826
1827
1829
18210
1832
1834
1835
1836
1837
1839
18310
1842
1843
1845
1846
1847
1849
18410
1852
1853
1854
1856
1857
1859
18510
1862
1863
1864
1865
1867
1869
18610
1872
1873
1874
1875
1876
1879
18710
1892
1893
1894
1895
1896
1897
18910
18102
18103
18104
18105
18106
18107
18109
1923
1924
1925
1926
1927
1928
19210
1932
1934
1935
1936
1937
1938
19310
1942
1943
1945
1946
1947
1948
19410
1952
1953
1954
1956
1957
1958
19510
1962
1963
1964
1965
1967
1968
19610
1972
1973
1974
1975
1976
1978
19710
1982
1983
1984
1985
1986
1987
19810
19102
19103
19104
19105
19106
19107
19108
11023
11024
11025
11026
11027
11028
11029
11032
11034
11035
11036
11037
11038
11039
11042
11043
11045
11046
11047
11048
11049
11052
11053
11054
11056
11057
11058
11059
11062
11063
11064
11065
11067
11068
11069
11072
11073
11074
11075
11076
11078
11079
11082
11083
11084
11085
11086
11087
11089
11092
11093
11094
11095
11096
11097
11098
2134
2135
2136
2137
2138
2139
21310
2143
2145
2146
2147
2148
2149
21410
2153
2154
2156
2157
2158
2159
21510
2163
2164
2165
2167
2168
2169
21610
2173
2174
2175
2176
2178
2179
21710
2183
2184
2185
2186
2187
2189
21810
2193
2194
2195
2196
2197
2198
21910
21103
21104
21105
21106
21107
21108
21109
2314
2315
2316
2317
2318
2319
23110
2341
2345
2346
2347
2348
2349
23410
2351
2354
2356
2357
2358
2359
23510
2361
2364
2365
2367
2368
2369
23610
2371
2374
2375
2376
2378
2379
23710
2381
2384
2385
2386
2387
2389
23810
2391
2394
2395
2396
2397
2398
23910
23101
23104
23105
23106
23107
23108
23109
2413
2415
2416
2417
2418
2419
24110
2431
2435
2436
2437
2438
2439
24310
2451
2453
2456
2457
2458
2459
24510
2461
2463
2465
2467
2468
2469
24610
2471
2473
2475
2476
2478
2479
24710
2481
2483
2485
2486
2487
2489
24810
2491
2493
2495
2496
2497
2498
24910
24101
24103
24105
24106
24107
24108
24109
2513
2514
2516
2517
2518
2519
25110
2531
2534
2536
2537
2538
2539
25310
2541
2543
2546
2547
2548
2549
25410
2561
2563
2564
2567
2568
2569
25610
2571
2573
2574
2576
2578
2579
25710
2581
2583
2584
2586
2587
2589
25810
2591
2593
2594
2596
2597
2598
25910
25101
25103
25104
25106
25107
25108
25109
2613
2614
2615
2617
2618
2619
26110
2631
2634
2635
2637
2638
2639
26310
2641
2643
2645
2647
2648
2649
26410
2651
2653
2654
2657
2658
2659
26510
2671
2673
2674
2675
2678
2679
26710
2681
2683
2684
2685
2687
2689
26810
2691
2693
2694
2695
2697
2698
26910
26101
26103
26104
26105
26107
26108
26109
2713
2714
2715
2716
2718
2719
27110
2731
2734
2735
2736
2738
2739
27310
2741
2743
2745
2746
2748
2749
27410
2751
2753
2754
2756
2758
2759
27510
2761
2763
2764
2765
2768
2769
27610
2781
2783
2784
2785
2786
2789
27810
2791
2793
2794
2795
2796
2798
27910
27101
27103
27104
27105
27106
27108
27109
2813
2814
2815
2816
2817
2819
28110
2831
2834
2835
2836
2837
2839
28310
2841
2843
2845
2846
2847
2849
28410
2851
2853
2854
2856
2857
2859
28510
2861
2863
2864
2865
2867
2869
28610
2871
2873
2874
2875
2876
2879
28710
2891
2893
2894
2895
2896
2897
28910
28101
28103
28104
28105
28106
28107
28109
2913
2914
2915
2916
2917
2918
29110
2931
2934
2935
2936
2937
2938
29310
2941
2943
2945
2946
2947
2948
29410
2951
2953
2954
2956
2957
2958
29510
2961
2963
2964
2965
2967
2968
29610
2971
2973
2974
2975
2976
2978
29710
2981
2983
2984
2985
2986
2987
29810
29101
29103
29104
29105
29106
29107
29108
21013
21014
21015
21016
21017
21018
21019
21031
21034
21035
21036
21037
21038
21039
21041
21043
21045
21046
21047
21048
21049
21051
21053
21054
21056
21057
21058
21059
21061
21063
21064
21065
21067
21068
21069
21071
21073
21074
21075
21076
21078
21079
21081
21083
21084
21085
21086
21087
21089
21091
21093
21094
21095
21096
21097
21098
3124
3125
3126
3127
3128
3129
31210
3142
3145
3146
3147
3148
3149
31410
3152
3154
3156
3157
3158
3159
31510
3162
3164
3165
3167
3168
3169
31610
3172
3174
3175
3176
3178
3179
31710
3182
3184
3185
3186
3187
3189
31810
3192
3194
3195
3196
3197
3198
31910
31102
31104
31105
31106
31107
31108
31109
3214
3215
3216
3217
3218
3219
32110
3241
3245
3246
3247
3248
3249
32410
3251
3254
3256
3257
3258
3259
32510
3261
3264
3265
3267
3268
3269
32610
3271
3274
3275
3276
3278
3279
32710
3281
3284
3285
3286
3287
3289
32810
3291
3294
3295
3296
3297
3298
32910
32101
32104
32105
32106
32107
32108
32109
3412
3415
3416
3417
3418
3419
34110
3421
3425
3426
3427
3428
3429
34210
3451
3452
3456
3457
3458
3459
34510
3461
3462
3465
3467
3468
3469
34610
3471
3472
3475
3476
3478
3479
34710
3481
3482
3485
3486
3487
3489
34810
3491
3492
3495
3496
3497
3498
34910
34101
34102
34105
34106
34107
34108
34109
3512
3514
3516
3517
3518
3519
35110
3521
3524
3526
3527
3528
3529
35210
3541
3542
3546
3547
3548
3549
35410
3561
3562
3564
3567
3568
3569
35610
3571
3572
3574
3576
3578
3579
35710
3581
3582
3584
3586
3587
3589
35810
3591
3592
3594
3596
3597
3598
35910
35101
35102
35104
35106
35107
35108
35109
3612
3614
3615
3617
3618
3619
36110
3621
3624
3625
3627
3628
3629
36210
3641
3642
3645
3647
3648
3649
36410
3651
3652
3654
3657
3658
3659
36510
3671
3672
3674
3675
3678
3679
36710
3681
3682
3684
3685
3687
3689
36810
3691
3692
3694
3695
3697
3698
36910
36101
36102
36104
36105
36107
36108
36109
3712
3714
3715
3716
3718
3719
37110
3721
3724
3725
3726
3728
3729
37210
3741
3742
3745
3746
3748
3749
37410
3751
3752
3754
3756
3758
3759
37510
3761
3762
3764
3765
3768
3769
37610
3781
3782
3784
3785
3786
3789
37810
3791
3792
3794
3795
3796
3798
37910
37101
37102
37104
37105
37106
37108
37109
3812
3814
3815
3816
3817
3819
38110
3821
3824
3825
3826
3827
3829
38210
3841
3842
3845
3846
3847
3849
38410
3851
3852
3854
3856
3857
3859
38510
3861
3862
3864
3865
3867
3869
38610
3871
3872
3874
3875
3876
3879
38710
3891
3892
3894
3895
3896
3897
38910
38101
38102
38104
38105
38106
38107
38109
3912
3914
3915
3916
3917
3918
39110
3921
3924
3925
3926
3927
3928
39210
3941
3942
3945
3946
3947
3948
39410
3951
3952
3954
3956
3957
3958
39510
3961
3962
3964
3965
3967
3968
39610
3971
3972
3974
3975
3976
3978
39710
3981
3982
3984
3985
3986
3987
39810
39101
39102
39104
39105
39106
39107
39108
31012
31014
31015
31016
31017
31018
31019
31021
31024
31025
31026
31027
31028
31029
31041
31042
31045
31046
31047
31048
31049
31051
31052
31054
31056
31057
31058
31059
31061
31062
31064
31065
31067
31068
31069
31071
31072
31074
31075
31076
31078
31079
31081
31082
31084
31085
31086
31087
31089
31091
31092
31094
31095
31096
31097
31098
4123
4125
4126
4127
4128
4129
41210
4132
4135
4136
4137
4138
4139
41310
4152
4153
4156
4157
4158
4159
41510
4162
4163
4165
4167
4168
4169
41610
4172
4173
4175
4176
4178
4179
41710
4182
4183
4185
4186
4187
4189
41810
4192
4193
4195
4196
4197
4198
41910
41102
41103
41105
41106
41107
41108
41109
4213
4215
4216
4217
4218
4219
42110
4231
4235
4236
4237
4238
4239
42310
4251
4253
4256
4257
4258
4259
42510
4261
4263
4265
4267
4268
4269
42610
4271
4273
4275
4276
4278
4279
42710
4281
4283
4285
4286
4287
4289
42810
4291
4293
4295
4296
4297
4298
42910
42101
42103
42105
42106
42107
42108
42109
4312
4315
4316
4317
4318
4319
43110
4321
4325
4326
4327
4328
4329
43210
4351
4352
4356
4357
4358
4359
43510
4361
4362
4365
4367
4368
4369
43610
4371
4372
4375
4376
4378
4379
43710
4381
4382
4385
4386
4387
4389
43810
4391
4392
4395
4396
4397
4398
43910
43101
43102
43105
43106
43107
43108
43109
4512
4513
4516
4517
4518
4519
45110
4521
4523
4526
4527
4528
4529
45210
4531
4532
4536
4537
4538
4539
45310
4561
4562
4563
4567
4568
4569
45610
4571
4572
4573
4576
4578
4579
45710
4581
4582
4583
4586
4587
4589
45810
4591
4592
4593
4596
4597
4598
45910
45101
45102
45103
45106
45107
45108
45109
4612
4613
4615
4617
4618
4619
46110
4621
4623
4625
4627
4628
4629
46210
4631
4632
4635
4637
4638
4639
46310
4651
4652
4653
4657
4658
4659
46510
4671
4672
4673
4675
4678
4679
46710
4681
4682
4683
4685
4687
4689
46810
4691
4692
4693
4695
4697
4698
46910
46101
46102
46103
46105
46107
46108
46109
4712
4713
4715
4716
4718
4719
47110
4721
4723
4725
4726
4728
4729
47210
4731
4732
4735
4736
4738
4739
47310
4751
4752
4753
4756
4758
4759
47510
4761
4762
4763
4765
4768
4769
47610
4781
4782
4783
4785
4786
4789
47810
4791
4792
4793
4795
4796
4798
47910
47101
47102
47103
47105
47106
47108
47109
4812
4813
4815
4816
4817
4819
48110
4821
4823
4825
4826
4827
4829
48210
4831
4832
4835
4836
4837
4839
48310
4851
4852
4853
4856
4857
4859
48510
4861
4862
4863
4865
4867
4869
48610
4871
4872
4873
4875
4876
4879
48710
4891
4892
4893
4895
4896
4897
48910
48101
48102
48103
48105
48106
48107
48109
4912
4913
4915
4916
4917
4918
49110
4921
4923
4925
4926
4927
4928
49210
4931
4932
4935
4936
4937
4938
49310
4951
4952
4953
4956
4957
4958
49510
4961
4962
4963
4965
4967
4968
49610
4971
4972
4973
4975
4976
4978
49710
4981
4982
4983
4985
4986
4987
49810
49101
49102
49103
49105
49106
49107
49108
41012
41013
41015
41016
41017
41018
41019
41021
41023
41025
41026
41027
41028
41029
41031
41032
41035
41036
41037
41038
41039
41051
41052
41053
41056
41057
41058
41059
41061
41062
41063
41065
41067
41068
41069
41071
41072
41073
41075
41076
41078
41079
41081
41082
41083
41085
41086
41087
41089
41091
41092
41093
41095
41096
41097
41098
5123
5124
5126
5127
5128
5129
51210
5132
5134
5136
5137
5138
5139
51310
5142
5143
5146
5147
5148
5149
51410
5162
5163
5164
5167
5168
5169
51610
5172
5173
5174
5176
5178
5179
51710
5182
5183
5184
5186
5187
5189
51810
5192
5193
5194
5196
5197
5198
51910
51102
51103
51104
51106
51107
51108
51109
5213
5214
5216
5217
5218
5219
52110
5231
5234
5236
5237
5238
5239
52310
5241
5243
5246
5247
5248
5249
52410
5261
5263
5264
5267
5268
5269
52610
5271
5273
5274
5276
5278
5279
52710
5281
5283
5284
5286
5287
5289
52810
5291
5293
5294
5296
5297
5298
52910
52101
52103
52104
52106
52107
52108
52109
5312
5314
5316
5317
5318
5319
53110
5321
5324
5326
5327
5328
5329
53210
5341
5342
5346
5347
5348
5349
53410
5361
5362
5364
5367
5368
5369
53610
5371
5372
5374
5376
5378
5379
53710
5381
5382
5384
5386
5387
5389
53810
5391
5392
5394
5396
5397
5398
53910
53101
53102
53104
53106
53107
53108
53109
5412
5413
5416
5417
5418
5419
54110
5421
5423
5426
5427
5428
5429
54210
5431
5432
5436
5437
5438
5439
54310
5461
5462
5463
5467
5468
5469
54610
5471
5472
5473
5476
5478
5479
54710
5481
5482
5483
5486
5487
5489
54810
5491
5492
5493
5496
5497
5498
54910
54101
54102
54103
54106
54107
54108
54109
5612
5613
5614
5617
5618
5619
56110
5621
5623
5624
5627
5628
5629
56210
5631
5632
5634
5637
5638
5639
56310
5641
5642
5643
5647
5648
5649
56410
5671
5672
5673
5674
5678
5679
56710
5681
5682
5683
5684
5687
5689
56810
5691
5692
5693
5694
5697
5698
56910
56101
56102
56103
56104
56107
56108
56109
5712
5713
5714
5716
5718
5719
57110
5721
5723
5724
5726
5728
5729
57210
5731
5732
5734
5736
5738
5739
57310
5741
5742
5743
5746
5748
5749
57410
5761
5762
5763
5764
5768
5769
57610
5781
5782
5783
5784
5786
5789
57810
5791
5792
5793
5794
5796
5798
57910
57101
57102
57103
57104
57106
57108
57109
5812
5813
5814
5816
5817
5819
58110
5821
5823
5824
5826
5827
5829
58210
5831
5832
5834
5836
5837
5839
58310
5841
5842
5843
5846
5847
5849
58410
5861
5862
5863
5864
5867
5869
58610
5871
5872
5873
5874
5876
5879
58710
5891
5892
5893
5894
5896
5897
58910
58101
58102
58103
58104
58106
58107
58109
5912
5913
5914
5916
5917
5918
59110
5921
5923
5924
5926
5927
5928
59210
5931
5932
5934
5936
5937
5938
59310
5941
5942
5943
5946
5947
5948
59410
5961
5962
5963
5964
5967
5968
59610
5971
5972
5973
5974
5976
5978
59710
5981
5982
5983
5984
5986
5987
59810
59101
59102
59103
59104
59106
59107
59108
51012
51013
51014
51016
51017
51018
51019
51021
51023
51024
51026
51027
51028
51029
51031
51032
51034
51036
51037
51038
51039
51041
51042
51043
51046
51047
51048
51049
51061
51062
51063
51064
51067
51068
51069
51071
51072
51073
51074
51076
51078
51079
51081
51082
51083
51084
51086
51087
51089
51091
51092
51093
51094
51096
51097
51098
6123
6124
6125
6127
6128
6129
61210
6132
6134
6135
6137
6138
6139
61310
6142
6143
6145
6147
6148
6149
61410
6152
6153
6154
6157
6158
6159
61510
6172
6173
6174
6175
6178
6179
61710
6182
6183
6184
6185
6187
6189
61810
6192
6193
6194
6195
6197
6198
61910
61102
61103
61104
61105
61107
61108
61109
6213
6214
6215
6217
6218
6219
62110
6231
6234
6235
6237
6238
6239
62310
6241
6243
6245
6247
6248
6249
62410
6251
6253
6254
6257
6258
6259
62510
6271
6273
6274
6275
6278
6279
62710
6281
6283
6284
6285
6287
6289
62810
6291
6293
6294
6295
6297
6298
62910
62101
62103
62104
62105
62107
62108
62109
6312
6314
6315
6317
6318
6319
63110
6321
6324
6325
6327
6328
6329
63210
6341
6342
6345
6347
6348
6349
63410
6351
6352
6354
6357
6358
6359
63510
6371
6372
6374
6375
6378
6379
63710
6381
6382
6384
6385
6387
6389
63810
6391
6392
6394
6395
6397
6398
63910
63101
63102
63104
63105
63107
63108
63109
6412
6413
6415
6417
6418
6419
64110
6421
6423
6425
6427
6428
6429
64210
6431
6432
6435
6437
6438
6439
64310
6451
6452
6453
6457
6458
6459
64510
6471
6472
6473
6475
6478
6479
64710
6481
6482
6483
6485
6487
6489
64810
6491
6492
6493
6495
6497
6498
64910
64101
64102
64103
64105
64107
64108
64109
6512
6513
6514
6517
6518
6519
65110
6521
6523
6524
6527
6528
6529
65210
6531
6532
6534
6537
6538
6539
65310
6541
6542
6543
6547
6548
6549
65410
6571
6572
6573
6574
6578
6579
65710
6581
6582
6583
6584
6587
6589
65810
6591
6592
6593
6594
6597
6598
65910
65101
65102
65103
65104
65107
65108
65109
6712
6713
6714
6715
6718
6719
67110
6721
6723
6724
6725
6728
6729
67210
6731
6732
6734
6735
6738
6739
67310
6741
6742
6743
6745
6748
6749
67410
6751
6752
6753
6754
6758
6759
67510
6781
6782
6783
6784
6785
6789
67810
6791
6792
6793
6794
6795
6798
67910
67101
67102
67103
67104
67105
67108
67109
6812
6813
6814
6815
6817
6819
68110
6821
6823
6824
6825
6827
6829
68210
6831
6832
6834
6835
6837
6839
68310
6841
6842
6843
6845
6847
6849
68410
6851
6852
6853
6854
6857
6859
68510
6871
6872
6873
6874
6875
6879
68710
6891
6892
6893
6894
6895
6897
68910
68101
68102
68103
68104
68105
68107
68109
6912
6913
6914
6915
6917
6918
69110
6921
6923
6924
6925
6927
6928
69210
6931
6932
6934
6935
6937
6938
69310
6941
6942
6943
6945
6947
6948
69410
6951
6952
6953
6954
6957
6958
69510
6971
6972
6973
6974
6975
6978
69710
6981
6982
6983
6984
6985
6987
69810
69101
69102
69103
69104
69105
69107
69108
61012
61013
61014
61015
61017
61018
61019
61021
61023
61024
61025
61027
61028
61029
61031
61032
61034
61035
61037
61038
61039
61041
61042
61043
61045
61047
61048
61049
61051
61052
61053
61054
61057
61058
61059
61071
61072
61073
61074
61075
61078
61079
61081
61082
61083
61084
61085
61087
61089
61091
61092
61093
61094
61095
61097
61098
7123
7124
7125
7126
7128
7129
71210
7132
7134
7135
7136
7138
7139
71310
7142
7143
7145
7146
7148
7149
71410
7152
7153
7154
7156
7158
7159
71510
7162
7163
7164
7165
7168
7169
71610
7182
7183
7184
7185
7186
7189
71810
7192
7193
7194
7195
7196
7198
71910
71102
71103
71104
71105
71106
71108
71109
7213
7214
7215
7216
7218
7219
72110
7231
7234
7235
7236
7238
7239
72310
7241
7243
7245
7246
7248
7249
72410
7251
7253
7254
7256
7258
7259
72510
7261
7263
7264
7265
7268
7269
72610
7281
7283
7284
7285
7286
7289
72810
7291
7293
7294
7295
7296
7298
72910
72101
72103
72104
72105
72106
72108
72109
7312
7314
7315
7316
7318
7319
73110
7321
7324
7325
7326
7328
7329
73210
7341
7342
7345
7346
7348
7349
73410
7351
7352
7354
7356
7358
7359
73510
7361
7362
7364
7365
7368
7369
73610
7381
7382
7384
7385
7386
7389
73810
7391
7392
7394
7395
7396
7398
73910
73101
73102
73104
73105
73106
73108
73109
7412
7413
7415
7416
7418
7419
74110
7421
7423
7425
7426
7428
7429
74210
7431
7432
7435
7436
7438
7439
74310
7451
7452
7453
7456
7458
7459
74510
7461
7462
7463
7465
7468
7469
74610
7481
7482
7483
7485
7486
7489
74810
7491
7492
7493
7495
7496
7498
74910
74101
74102
74103
74105
74106
74108
74109
7512
7513
7514
7516
7518
7519
75110
7521
7523
7524
7526
7528
7529
75210
7531
7532
7534
7536
7538
7539
75310
7541
7542
7543
7546
7548
7549
75410
7561
7562
7563
7564
7568
7569
75610
7581
7582
7583
7584
7586
7589
75810
7591
7592
7593
7594
7596
7598
75910
75101
75102
75103
75104
75106
75108
75109
7612
7613
7614
7615
7618
7619
76110
7621
7623
7624
7625
7628
7629
76210
7631
7632
7634
7635
7638
7639
76310
7641
7642
7643
7645
7648
7649
76410
7651
7652
7653
7654
7658
7659
76510
7681
7682
7683
7684
7685
7689
76810
7691
7692
7693
7694
7695
7698
76910
76101
76102
76103
76104
76105
76108
76109
7812
7813
7814
7815
7816
7819
78110
7821
7823
7824
7825
7826
7829
78210
7831
7832
7834
7835
7836
7839
78310
7841
7842
7843
7845
7846
7849
78410
7851
7852
7853
7854
7856
7859
78510
7861
7862
7863
7864
7865
7869
78610
7891
7892
7893
7894
7895
7896
78910
78101
78102
78103
78104
78105
78106
78109
7912
7913
7914
7915
7916
7918
79110
7921
7923
7924
7925
7926
7928
79210
7931
7932
7934
7935
7936
7938
79310
7941
7942
7943
7945
7946
7948
79410
7951
7952
7953
7954
7956
7958
79510
7961
7962
7963
7964
7965
7968
79610
7981
7982
7983
7984
7985
7986
79810
79101
79102
79103
79104
79105
79106
79108
71012
71013
71014
71015
71016
71018
71019
71021
71023
71024
71025
71026
71028
71029
71031
71032
71034
71035
71036
71038
71039
71041
71042
71043
71045
71046
71048
71049
71051
71052
71053
71054
71056
71058
71059
71061
71062
71063
71064
71065
71068
71069
71081
71082
71083
71084
71085
71086
71089
71091
71092
71093
71094
71095
71096
71098
8123
8124
8125
8126
8127
8129
81210
8132
8134
8135
8136
8137
8139
81310
8142
8143
8145
8146
8147
8149
81410
8152
8153
8154
8156
8157
8159
81510
8162
8163
8164
8165
8167
8169
81610
8172
8173
8174
8175
8176
8179
81710
8192
8193
8194
8195
8196
8197
81910
81102
81103
81104
81105
81106
81107
81109
8213
8214
8215
8216
8217
8219
82110
8231
8234
8235
8236
8237
8239
82310
8241
8243
8245
8246
8247
8249
82410
8251
8253
8254
8256
8257
8259
82510
8261
8263
8264
8265
8267
8269
82610
8271
8273
8274
8275
8276
8279
82710
8291
8293
8294
8295
8296
8297
82910
82101
82103
82104
82105
82106
82107
82109
8312
8314
8315
8316
8317
8319
83110
8321
8324
8325
8326
8327
8329
83210
8341
8342
8345
8346
8347
8349
83410
8351
8352
8354
8356
8357
8359
83510
8361
8362
8364
8365
8367
8369
83610
8371
8372
8374
8375
8376
8379
83710
8391
8392
8394
8395
8396
8397
83910
83101
83102
83104
83105
83106
83107
83109
8412
8413
8415
8416
8417
8419
84110
8421
8423
8425
8426
8427
8429
84210
8431
8432
8435
8436
8437
8439
84310
8451
8452
8453
8456
8457
8459
84510
8461
8462
8463
8465
8467
8469
84610
8471
8472
8473
8475
8476
8479
84710
8491
8492
8493
8495
8496
8497
84910
84101
84102
84103
84105
84106
84107
84109
8512
8513
8514
8516
8517
8519
85110
8521
8523
8524
8526
8527
8529
85210
8531
8532
8534
8536
8537
8539
85310
8541
8542
8543
8546
8547
8549
85410
8561
8562
8563
8564
8567
8569
85610
8571
8572
8573
8574
8576
8579
85710
8591
8592
8593
8594
8596
8597
85910
85101
85102
85103
85104
85106
85107
85109
8612
8613
8614
8615
8617
8619
86110
8621
8623
8624
8625
8627
8629
86210
8631
8632
8634
8635
8637
8639
86310
8641
8642
8643
8645
8647
8649
86410
8651
8652
8653
8654
8657
8659
86510
8671
8672
8673
8674
8675
8679
86710
8691
8692
8693
8694
8695
8697
86910
86101
86102
86103
86104
86105
86107
86109
8712
8713
8714
8715
8716
8719
87110
8721
8723
8724
8725
8726
8729
87210
8731
8732
8734
8735
8736
8739
87310
8741
8742
8743
8745
8746
8749
87410
8751
8752
8753
8754
8756
8759
87510
8761
8762
8763
8764
8765
8769
87610
8791
8792
8793
8794
8795
8796
87910
87101
87102
87103
87104
87105
87106
87109
8912
8913
8914
8915
8916
8917
89110
8921
8923
8924
8925
8926
8927
89210
8931
8932
8934
8935
8936
8937
89310
8941
8942
8943
8945
8946
8947
89410
8951
8952
8953
8954
8956
8957
89510
8961
8962
8963
8964
8965
8967
89610
8971
8972
8973
8974
8975
8976
89710
89101
89102
89103
89104
89105
89106
89107
81012
81013
81014
81015
81016
81017
81019
81021
81023
81024
81025
81026
81027
81029
81031
81032
81034
81035
81036
81037
81039
81041
81042
81043
81045
81046
81047
81049
81051
81052
81053
81054
81056
81057
81059
81061
81062
81063
81064
81065
81067
81069
81071
81072
81073
81074
81075
81076
81079
81091
81092
81093
81094
81095
81096
81097
9123
9124
9125
9126
9127
9128
91210
9132
9134
9135
9136
9137
9138
91310
9142
9143
9145
9146
9147
9148
91410
9152
9153
9154
9156
9157
9158
91510
9162
9163
9164
9165
9167
9168
91610
9172
9173
9174
9175
9176
9178
91710
9182
9183
9184
9185
9186
9187
91810
91102
91103
91104
91105
91106
91107
91108
9213
9214
9215
9216
9217
9218
92110
9231
9234
9235
9236
9237
9238
92310
9241
9243
9245
9246
9247
9248
92410
9251
9253
9254
9256
9257
9258
92510
9261
9263
9264
9265
9267
9268
92610
9271
9273
9274
9275
9276
9278
92710
9281
9283
9284
9285
9286
9287
92810
92101
92103
92104
92105
92106
92107
92108
9312
9314
9315
9316
9317
9318
93110
9321
9324
9325
9326
9327
9328
93210
9341
9342
9345
9346
9347
9348
93410
9351
9352
9354
9356
9357
9358
93510
9361
9362
9364
9365
9367
9368
93610
9371
9372
9374
9375
9376
9378
93710
9381
9382
9384
9385
9386
9387
93810
93101
93102
93104
93105
93106
93107
93108
9412
9413
9415
9416
9417
9418
94110
9421
9423
9425
9426
9427
9428
94210
9431
9432
9435
9436
9437
9438
94310
9451
9452
9453
9456
9457
9458
94510
9461
9462
9463
9465
9467
9468
94610
9471
9472
9473
9475
9476
9478
94710
9481
9482
9483
9485
9486
9487
94810
94101
94102
94103
94105
94106
94107
94108
9512
9513
9514
9516
9517
9518
95110
9521
9523
9524
9526
9527
9528
95210
9531
9532
9534
9536
9537
9538
95310
9541
9542
9543
9546
9547
9548
95410
9561
9562
9563
9564
9567
9568
95610
9571
9572
9573
9574
9576
9578
95710
9581
9582
9583
9584
9586
9587
95810
95101
95102
95103
95104
95106
95107
95108
9612
9613
9614
9615
9617
9618
96110
9621
9623
9624
9625
9627
9628
96210
9631
9632
9634
9635
9637
9638
96310
9641
9642
9643
9645
9647
9648
96410
9651
9652
9653
9654
9657
9658
96510
9671
9672
9673
9674
9675
9678
96710
9681
9682
9683
9684
9685
9687
96810
96101
96102
96103
96104
96105
96107
96108
9712
9713
9714
9715
9716
9718
97110
9721
9723
9724
9725
9726
9728
97210
9731
9732
9734
9735
9736
9738
97310
9741
9742
9743
9745
9746
9748
97410
9751
9752
9753
9754
9756
9758
97510
9761
9762
9763
9764
9765
9768
97610
9781
9782
9783
9784
9785
9786
97810
97101
97102
97103
97104
97105
97106
97108
9812
9813
9814
9815
9816
9817
98110
9821
9823
9824
9825
9826
9827
98210
9831
9832
9834
9835
9836
9837
98310
9841
9842
9843
9845
9846
9847
98410
9851
9852
9853
9854
9856
9857
98510
9861
9862
9863
9864
9865
9867
98610
9871
9872
9873
9874
9875
9876
98710
98101
98102
98103
98104
98105
98106
98107
91012
91013
91014
91015
91016
91017
91018
91021
91023
91024
91025
91026
91027
91028
91031
91032
91034
91035
91036
91037
91038
91041
91042
91043
91045
91046
91047
91048
91051
91052
91053
91054
91056
91057
91058
91061
91062
91063
91064
91065
91067
91068
91071
91072
91073
91074
91075
91076
91078
91081
91082
91083
91084
91085
91086
91087
10123
10124
10125
10126
10127
10128
10129
10132
10134
10135
10136
10137
10138
10139
10142
10143
10145
10146
10147
10148
10149
10152
10153
10154
10156
10157
10158
10159
10162
10163
10164
10165
10167
10168
10169
10172
10173
10174
10175
10176
10178
10179
10182
10183
10184
10185
10186
10187
10189
10192
10193
10194
10195
10196
10197
10198
10213
10214
10215
10216
10217
10218
10219
10231
10234
10235
10236
10237
10238
10239
10241
10243
10245
10246
10247
10248
10249
10251
10253
10254
10256
10257
10258
10259
10261
10263
10264
10265
10267
10268
10269
10271
10273
10274
10275
10276
10278
10279
10281
10283
10284
10285
10286
10287
10289
10291
10293
10294
10295
10296
10297
10298
10312
10314
10315
10316
10317
10318
10319
10321
10324
10325
10326
10327
10328
10329
10341
10342
10345
10346
10347
10348
10349
10351
10352
10354
10356
10357
10358
10359
10361
10362
10364
10365
10367
10368
10369
10371
10372
10374
10375
10376
10378
10379
10381
10382
10384
10385
10386
10387
10389
10391
10392
10394
10395
10396
10397
10398
10412
10413
10415
10416
10417
10418
10419
10421
10423
10425
10426
10427
10428
10429
10431
10432
10435
10436
10437
10438
10439
10451
10452
10453
10456
10457
10458
10459
10461
10462
10463
10465
10467
10468
10469
10471
10472
10473
10475
10476
10478
10479
10481
10482
10483
10485
10486
10487
10489
10491
10492
10493
10495
10496
10497
10498
10512
10513
10514
10516
10517
10518
10519
10521
10523
10524
10526
10527
10528
10529
10531
10532
10534
10536
10537
10538
10539
10541
10542
10543
10546
10547
10548
10549
10561
10562
10563
10564
10567
10568
10569
10571
10572
10573
10574
10576
10578
10579
10581
10582
10583
10584
10586
10587
10589
10591
10592
10593
10594
10596
10597
10598
10612
10613
10614
10615
10617
10618
10619
10621
10623
10624
10625
10627
10628
10629
10631
10632
10634
10635
10637
10638
10639
10641
10642
10643
10645
10647
10648
10649
10651
10652
10653
10654
10657
10658
10659
10671
10672
10673
10674
10675
10678
10679
10681
10682
10683
10684
10685
10687
10689
10691
10692
10693
10694
10695
10697
10698
10712
10713
10714
10715
10716
10718
10719
10721
10723
10724
10725
10726
10728
10729
10731
10732
10734
10735
10736
10738
10739
10741
10742
10743
10745
10746
10748
10749
10751
10752
10753
10754
10756
10758
10759
10761
10762
10763
10764
10765
10768
10769
10781
10782
10783
10784
10785
10786
10789
10791
10792
10793
10794
10795
10796
10798
10812
10813
10814
10815
10816
10817
10819
10821
10823
10824
10825
10826
10827
10829
10831
10832
10834
10835
10836
10837
10839
10841
10842
10843
10845
10846
10847
10849
10851
10852
10853
10854
10856
10857
10859
10861
10862
10863
10864
10865
10867
10869
10871
10872
10873
10874
10875
10876
10879
10891
10892
10893
10894
10895
10896
10897
10912
10913
10914
10915
10916
10917
10918
10921
10923
10924
10925
10926
10927
10928
10931
10932
10934
10935
10936
10937
10938
10941
10942
10943
10945
10946
10947
10948
10951
10952
10953
10954
10956
10957
10958
10961
10962
10963
10964
10965
10967
10968
10971
10972
10973
10974
10975
10976
10978
10981
10982
10983
10984
10985
10986
10987
