5000
1327 1167 4074 1668 2623 2814 3670 2255 2039 1079 4343 284 1448 2868 705 2103 1115 4015 130 4524 818 1399 4893 950 134 1936 456 1585 564 4187 4696 2144 4478 2314 2227 3117 4881 1400 58 4328 244 828 4461 4241 1487 427 2675 634 1263 2343 4781 658 3959 4366 4147 1996 264 3649 4839 1967 879 3981 2927 2818 4890 2893 1460 3288 2733 2640 1651 3076 4349 1275 1534 4897 4542 3015 1979 2989 2667 4993 997 3624 41 2128 2561 291 1680 2628 96 701 4133 476 4388 1688 1336 2687 4641 1579 248 321 508 254 2934 3944 1847 3933 401 1714 1698 4168 1375 1962 1185 3636 2062 2163 4472 3813 560 1016 2637 4049 164 1385 4608 3190 424 2602 3303 2710 3290 617 3734 4660 1485 4176 4496 3886 2975 4874 2054 1374 770 3771 724 4565 735 3314 3484 28 271 1598 3662 1969 4027 3639 1005 3267 596 3306 159 1182 4561 150 1726 4313 2867 4819 2439 4736 2988 2318 4170 2676 1957 4125 3202 2995 3110 1713 4376 3841 1207 2135 4392 3382 4059 1794 319 3720 82 2466 3005 4096 2046 3151 748 1618 343 3480 1607 4999 153 2275 3097 3244 3317 1187 3131 4373 3243 3285 2040 2167 4169 3389 4353 4199 1269 2613 4568 887 1072 1500 1333 434 1037 1725 2740 4533 2647 4424 1860 2132 641 4086 98 3372 4139 105 1149 2434 964 3839 4463 1339 1091 1965 3002 3418 4816 496 1181 3168 3007 2018 2474 3380 3171 144 1873 1298 4447 1051 1300 4659 1502 2586 2395 3836 280 4471 4797 109 273 2705 1837 3143 2824 163 1471 699 420 2917 2409 3641 2729 2862 2282 4218 4444 2702 201 1415 2136 1397 673 2381 3032 1278 1232 3783 1541 2703 2124 3011 371 2753 3349 3229 897 2735 1604 804 2562 1709 4206 1872 4209 1743 3905 1334 4344 1214 4208 1446 4624 3173 3749 1050 4438 3689 3647 1723 2041 2941 2987 4630 3115 1600 3438 4434 970 1687 3974 3506 2033 537 4780 1423 478 4686 588 2068 53 1761 4413 2241 2931 4661 553 4583 4165 2506 3324 1369 3400 3071 1705 116 3746 1654 2178 592 193 786 2970 4940 661 4842 4631 3548 776 2642 4197 1154 3687 2779 2221 4646 2708 1164 3629 3057 3753 2924 372 3091 2700 1649 451 207 536 4411 3084 103 2966 1184 2007 3222 4838 2345 4037 3465 2614 285 2283 1007 3742 3936 61 4514 237 4435 2696 360 4412 117 3191 4950 4309 1023 416 3213 331 1022 894 3268 4986 1815 4619 949 258 352 722 4066 2636 1338 4554 4042 2737 4007 2379 4100 1350 3566 1797 4359 1297 2622 4014 516 3842 4643 2257 978 4832 155 4213 4793 1917 4995 554 3717 1341 4841 3882 2094 4551 2600 2985 2534 1239 2595 4869 2335 1173 3821 645 3195 1004 1270 2268 1351 2992 3920 1934 1002 1875 255 2817 1580 4871 3385 4769 4092 3006 2974 3020 3941 4795 1422 578 1412 263 1756 1227 3463 612 101 992 3236 4688 1746 4041 4329 4152 2455 1661 2661 2037 2461 3533 808 2648 1669 931 158 4621 304 2782 1763 3089 2599 4667 4597 2930 854 3259 2829 1856 1566 1219 3038 4594 3295 586 406 1427 3061 4991 3043 4224 2423 1440 252 1696 88 4029 3482 2825 1899 2457 1057 2714 1356 1984 311 3947 80 178 373 4728 1025 918 2615 2584 3200 2938 3446 3392 1014 1546 4394 464 2592 342 1441 3270 2030 3275 4589 4679 2333 3447 1070 4697 711 4615 136 4265 3811 3816 1355 2115 1909 1907 957 4327 3098 4072 3930 1138 446 3221 2631 1076 4569 4401 4239 1202 1424 1320 1018 4851 3223 4331 122 4216 3493 16 3995 369 392 267 3319 1353 685 977 908 1572 4820 4306 3207 4700 1595 1017 4440 1738 4134 4573 2501 988 3092 1798 4293 4829 1406 3153 2649 1955 704 806 1098 2053 4350 1084 2788 531 671 2963 498 4407 710 2878 4532 317 3536 3528 2514 3638 2350 2287 2847 3357 2495 1003 1061 2146 3185 1627 2745 38 3631 3111 2460 1034 2436 486 4702 3112 2516 2548 2757 3795 1986 4754 4145 1605 2624 3375 381 2377 3671 4488 2360 205 940 2370 2890 2883 3135 3602 1540 991 2203 4326 1553 943 3799 4996 2116 400 3552 1869 932 1482 1855 611 1376 2523 1759 2315 386 4336 2391 3386 2156 74 4002 2547 1226 3513 4375 4275 2756 890 289 736 4231 2954 4572 4925 4120 3576 3217 976 3036 1733 3908 3250 3409 3160 2313 4580 1748 1166 4814 934 2361 4758 1635 4367 1658 4024 4182 3964 4681 1571 3539 3926 3790 1330 1697 2093 2349 338 3246 1204 4714 4534 290 822 2836 4749 3626 335 2071 4396 4063 3489 1254 4946 4333 1964 1494 1261 1650 1928 1682 409 152 39 4298 3449 1711 4453 355 2490 3729 2184 3183 3058 3642 4515 4119 1222 1208 4342 3265 191 609 1567 2671 2383 4558 2749 154 2001 2695 3045 1833 3062 1890 123 1777 4875 1073 2111 4762 502 5 4477 2291 3796 1054 266 2560 984 2418 989 3087 4710 2159 296 4030 1565 3371 3260 114 2832 535 3902 4550 1657 4228 2449 1921 2869 4854 1467 831 2994 2581 2719 459 1314 67 2326 3606 2392 4733 4760 1013 3810 781 697 239 605 3329 2468 800 4153 3709 3048 206 3968 3748 4992 4097 3718 1821 4698 1286 423 3462 2973 4835 4078 4592 4752 3395 4345 3727 1919 4111 4439 1550 4433 599 4517 4535 1447 4018 437 421 2286 2170 2892 4882 4856 3494 2310 4808 1429 3595 3019 4861 3599 2576 4610 2312 3455 3989 1413 738 3812 2672 1140 350 3618 4936 4840 3752 4253 282 357 3831 212 3453 782 924 4210 1495 1280 1538 1390 308 2811 247 961 1491 4626 2101 1528 549 2673 2881 3673 4130 2176 2805 4171 3863 232 3946 765 2285 120 3122 3022 2604 404 3982 3785 598 2823 1015 3872 2692 79 2028 4596 2712 677 834 3017 584 214 1753 1732 2211 921 1576 2971 3272 1 1294 4960 4685 46 1927 230 913 3537 3725 2330 2082 1925 4689 3483 4121 2846 1289 2793 790 1099 1077 3675 2396 3541 402 674 1766 2415 2089 2866 2629 347 3176 425 3163 4998 1326 1092 2902 805 3585 211 4099 4863 3917 1908 3535 1129 1067 4938 4566 3570 4019 13 3430 1272 3510 2336 3040 2148 390 646 4459 3885 2473 2058 4254 4603 4804 784 4974 833 1065 4422 520 1883 4599 3887 1218 3682 1394 2952 2507 539 2266 388 1961 3050 2570 1785 186 4520 952 2179 4948 4898 3975 3767 3420 3346 534 2484 1066 3980 4012 1147 1198 465 2387 3212 4629 4172 757 2066 759 3177 1638 2243 1151 1545 1941 143 2446 3859 591 3004 529 3984 2242 4432 885 2697 1689 4088 517 3251 4860 3 2228 2882 358 4244 286 680 1812 2960 966 1248 1715 540 608 1692 4491 764 1316 2972 1121 956 1514 260 1125 2618 2155 4791 1241 2578 4623 4355 3442 2653 3938 3586 2300 3643 2322 66 1371 393 1144 1549 3939 59 1730 4962 2665 3738 4185 1953 225 90 4276 1779 147 3603 1512 2182 1561 185 2189 3551 4246 1197 387 312 1522 3082 2272 3774 990 4844 796 1481 2052 2348 2887 571 2109 4163 2196 111 3404 3457 2943 889 4279 2207 454 1008 1260 151 3080 2913 4967 1060 3736 4612 733 548 1454 2856 3898 1582 3347 2688 512 303 4158 573 4972 2493 3286 4810 4441 667 2935 4236 3890 3238 839 1659 1106 4178 922 440 2278 1558 3046 2533 2947 2840 385 4833 2079 1358 2296 26 4716 1361 4456 4647 1484 1276 1301 1673 4332 458 865 445 637 2374 4907 2612 19 4090 4436 1103 436 3426 4657 4157 3913 1352 4734 4921 3278 208 64 213 2575 1599 89 1612 3652 1575 2213 2108 538 3534 1042 2244 1523 2199 3726 3819 2342 2785 93 742 3577 857 1437 2254 3616 1431 4877 2237 1043 3079 3266 1525 3027 3169 4896 4815 2368 4889 135 2279 3880 2004 3814 221 2511 22 1704 1048 2775 2910 4740 4813 3996 1677 4179 4068 2226 3130 1410 4091 3547 2482 1973 4493 4964 864 2177 472 3472 295 1796 1011 3558 3828 3064 2527 752 1274 2888 734 2218 1831 468 4011 1470 1800 2463 1584 1313 3861 1474 1408 2654 814 3323 2388 326 1283 4010 60 1304 1145 177 2125 40 2321 4739 4680 3676 877 4363 3263 1158 1529 4782 3335 2827 568 1243 4994 2739 377 3035 389 3308 383 1653 2920 1157 4638 3757 2718 2644 3805 1655 2301 3123 3703 2655 2587 3443 2798 861 562 2919 2459 3226 4288 2668 3137 3322 2386 3605 2173 3023 2214 1193 1735 460 2447 767 2234 2559 3781 1367 4545 3712 1200 610 181 3800 413 3445 4079 1626 2251 579 4045 102 741 2471 801 2152 4458 3126 4645 2048 2852 4451 3580 4789 1365 3993 195 1266 4590 2486 2736 4788 2197 616 2191 3030 298 4164 3650 2075 4913 3219 2761 2517 945 2276 2022 925 3024 405 3189 4765 1849 4935 1370 14 643 1373 4269 4058 1639 1118 1418 362 2428 1236 4299 2492 2012 652 3013 2407 4067 231 4742 911 631 4132 3583 2880 4857 559 75 1513 1843 3971 4467 1162 2402 2229 2686 2259 2670 1932 1340 4552 3966 3823 1215 1493 48 2776 3962 8 1648 1960 3301 567 1088 1306 1804 3782 720 4114 2543 4372 172 842 3518 1924 189 1131 3756 1191 501 1161 3755 3955 1384 3196 3396 4032 3674 2299 4607 971 1975 3884 3340 3825 3373 68 852 3808 2344 1395 4776 4506 1071 4518 4511 1859 2100 1574 1868 3978 299 173 1049 541 4508 2280 2650 333 473 2716 2317 4805 1225 899 4926 3214 3258 1386 668 3740 1593 2529 2724 4933 2858 4611 4202 3075 4901 2073 2139 2045 2127 344 1769 6 4474 3610 3892 3792 391 3540 2663 815 3633 1170 4319 4093 1156 1321 2508 2496 2905 1288 4334 969 1531 1425 2572 2763 1672 1417 3477 928 4825 1606 4674 2252 3574 1027 341 1896 223 935 2095 1359 1177 1501 1690 2359 4588 1404 1257 3584 3397 4322 4026 1195 630 1671 1880 4977 4262 2522 4386 3271 4725 3710 4117 2535 848 1543 1894 3787 3364 2491 4404 3950 378 4124 4522 4256 4802 1120 4930 623 4784 4744 315 803 305 3225 3499 2087 2819 3794 3411 3900 3881 70 3194 4455 4677 837 3366 3569 3297 622 4570 2366 4301 3656 1988 4113 4050 2996 4295 4922 2982 3109 847 133 2738 2810 3427 1183 1466 1807 4954 1342 2766 2918 249 1954 2864 3218 115 1947 574 2258 2002 4140 3517 4442 3249 2413 2143 3326 4497 2513 1903 1774 1563 1112 3096 3053 2099 1819 1488 3192 973 3870 1945 238 884 3425 3416 2224 4089 3296 3320 3356 1462 3522 397 3721 339 1702 257 3854 690 1891 3166 138 1802 2990 2591 86 4174 4280 1778 3298 758 967 4671 3963 4016 3779 1428 613 3627 4464 18 1366 4906 3423 430 2036 3634 4924 1948 851 3003 721 936 1346 1319 1827 2130 811 3205 2385 2854 3615 4567 791 2742 2289 2651 4684 3858 1083 3215 1134 2262 982 3894 1662 4951 2059 262 3777 4523 778 829 2951 1695 2826 1569 4888 3919 4543 2422 2804 2246 3544 3157 4250 3868 3567 139 4772 3957 4987 4548 2092 3977 1750 3798 222 4628 1610 3678 4425 2977 2080 3441 3393 24 2683 4222 2186 2728 3257 2365 871 4428 4181 604 4699 2953 334 4510 2288 2305 2778 4281 896 4980 3283 3083 1596 1950 2674 4801 346 4039 4126 4717 4270 3791 1727 3575 4983 4150 526 2154 488 4850 2448 3695 4055 505 157 2110 235 1302 124 1096 4556 4712 2494 4047 324 2432 4895 3780 3929 4180 2558 715 4370 2429 3994 2488 3562 2921 1609 2371 4102 511 3804 1835 1382 3557 1666 380 4076 4123 1435 3514 2699 1656 1133 4427 2758 4203 3850 3242 2390 2394 4722 2316 3328 366 3538 1006 203 3907 2464 2540 1933 411 63 2531 1916 1577 4927 2582 1028 2515 1870 4175 2489 2051 1526 2946 1419 3333 878 979 2933 2759 4061 3829 2876 2204 1213 1589 1240 3702 2914 3761 2689 3563 4186 1255 4876 1644 2607 2043 1317 1828 4008 3549 2844 1527 3339 2701 3659 3762 4389 2944 4606 696 4131 4340 670 4454 3802 1251 1517 4928 1171 1886 55 2550 2981 515 3104 3857 1640 2500 802 1536 4969 659 1958 1970 2487 789 2205 431 1632 2555 1205 2503 3358 4903 2438 4880 561 771 755 2209 1380 933 1926 499 2571 1742 3668 1451 302 2102 2609 3701 3847 3387 2044 27 3617 2158 2187 1643 4053 2939 747 1039 2165 4729 301 4043 3990 10 2107 1902 3768 277 3526 3635 4257 1701 2659 3466 3991 3341 3069 168 3433 3797 4794 4287 3154 4080 2563 2730 3309 2908 3128 1913 903 3754 1163 2936 4985 4858 907 4864 1728 3862 1619 452 444 4361 2723 580 3342 1490 4965 3843 1097 62 654 141 3594 4997 730 1477 1216 1478 1511 614 4821 2593 3408 3739 835 2065 2932 3114 2161 125 2114 1150 3124 528 2011 3256 1556 2067 1069 2955 3170 2993 2833 812 3923 4941 4038 717 527 1281 1780 3025 547 2940 694 2871 2453 2403 1911 3601 3164 4909 4577 1617 3460 891 494 11 76 3146 1790 555 322 2324 97 1560 2518 1258 1583 906 947 2877 855 807 3967 3564 161 1791 3343 1898 2088 399 113 1235 215 4669 415 4378 1937 3681 3928 1009 3826 3001 4341 1722 4419 4143 2240 3561 4614 3139 3175 660 1887 3468 1879 4000 3899 632 3830 2979 3093 4807 3307 2319 246 4443 1475 3788 2433 4527 4541 2427 1152 1866 1629 698 309 4490 1377 4757 107 480 1159 1931 2183 3708 3436 4084 4751 2645 1469 507 4546 3591 2074 4410 1767 2270 2049 3325 3437 503 1832 3121 2509 1737 620 199 3147 1663 2664 1094 2839 544 2410 1685 3355 1719 870 3867 364 1518 4321 3458 745 2551 4294 2684 2369 2375 1905 363 1292 687 2549 4826 4516 3524 3362 2799 4296 1749 1111 3600 3379 3686 4786 4651 4823 2363 1681 4402 754 4574 3745 1888 1963 3550 2247 4800 4220 3500 4919 3113 1816 3390 3491 370 3590 926 2616 882 4720 4531 36 1267 1765 2639 1865 1834 269 3845 3312 1874 1552 2948 910 2895 2680 684 4136 3033 4694 137 3182 4238 962 1520 4705 4479 2210 2014 513 184 2118 3261 3255 760 4146 4217 2298 2748 2140 1041 3927 3758 4827 2323 2458 2357 4591 4755 2320 197 2773 194 4593 1510 3419 4382 4082 2998 3904 4073 3690 1578 2063 2774 3399 624 2147 1053 4598 726 3883 3579 165 275 2808 1192 316 1707 1736 4391 2765 1293 1716 3107 3969 4383 57 4968 666 881 1568 1136 3818 4966 4500 983 3384 4004 4564 2000 2726 627 4785 1636 2838 1999 3337 1308 1983 1128 856 783 723 180 1461 557 2566 3820 886 345 4315 3700 1645 3332 1597 4711 1706 4509 1250 2382 893 4578 3152 3066 426 737 443 3503 2035 1997 1287 946 4498 816 288 2772 4644 987 3531 2505 1854 4048 709 4369 3209 3840 2295 1786 1670 1581 4633 1993 1524 4437 4469 3953 4317 4144 919 71 744 3817 2911 3105 210 2380 2057 4952 3415 3009 2983 4274 367 1994 3521 2848 174 4470 1625 3677 270 4792 3101 3252 1678 2874 594 2597 678 1010 2790 1468 2717 595 3321 2232 49 1249 2284 4421 1981 4193 3129 3165 4155 1624 810 1793 253 3014 1885 73 3435 3351 1608 3363 4984 845 4914 1852 639 2813 4013 3206 4538 325 3470 1808 2328 2404 1532 3699 1486 4726 1516 3637 4235 4351 1012 3055 1360 1861 2499 2853 2997 3088 4886 3910 3210 3451 1332 763 3630 2690 37 4379 3291 2019 2828 4601 4348 3156 4620 4912 4853 1842 777 2047 3778 1864 3034 2194 3248 1229 863 3986 3227 2426 4486 242 1935 2959 4763 1594 1505 4892 1217 905 2585 3370 3120 4975 3866 4087 1392 4732 4848 4691 3133 4616 663 4237 118 4431 3188 1331 3698 4790 328 4678 3961 4021 4195 2815 3764 1237 4252 4268 4303 3849 54 129 3663 2539 4110 2003 1818 1587 3965 1379 4526 1862 2050 3330 958 2222 3763 1343 9 4426 3179 1590 1155 4201 1892 467 4706 359 2338 2339 1123 4618 3988 1628 1132 3869 3914 2026 2626 1683 4323 1824 4408 2105 4798 2841 477 447 1799 1189 332 2691 566 3607 2256 1721 1020 2769 2803 2603 463 1803 2168 4324 365 1851 521 844 3138 1307 4138 4448 2945 3262 4362 1426 3167 2969 4156 3972 3598 1539 4727 4779 4273 1119 2235 749 506 1062 2269 1992 4665 216 1433 3052 3063 281 1201 1246 4103 3000 3730 376 3683 3897 2608 1080 3848 166 2096 3149 2 2658 4668 4116 3388 4054 471 56 3405 4452 1323 702 3581 2525 3706 4654 2713 4251 1325 198 2754 2751 1700 3359 1900 3293 4020 615 2617 1615 4212 2845 171 3497 2889 15 2188 2200 3230 3553 3198 3012 2894 1747 2741 2579 1846 1143 1838 1915 1199 3945 3750 1036 25 349 587 898 307 2834 4682 2526 4761 873 1093 3067 2760 2715 2568 2777 4107 196 2472 2510 4184 1686 2364 4225 4260 3604 3871 1063 4503 761 3065 4162 1762 1507 2408 2843 3161 3711 1530 2764 256 2711 1630 4693 4098 1348 1405 3180 3714 593 4849 2564 3827 1889 2469 394 951 2151 3051 550 1095 552 4828 4824 3844 522 241 2332 1918 3072 2216 3162 2950 3664 4290 2863 441 4289 4258 2293 493 4077 2104 2666 2783 228 337 1858 2083 4529 3279 2731 35 274 769 3475 353 3565 4504 3735 2346 4219 2891 2142 1968 1247 4878 3116 4200 4377 4198 4263 1221 619 2290 1820 1479 509 1773 1710 361 4989 3516 4627 490 3903 4141 3039 1836 2129 3403 3765 1938 4416 2627 4978 510 1542 1772 2538 2536 4483 1224 1090 4799 3532 4105 849 3125 1535 233 1101 2123 100 1881 2904 3667 1998 1621 4243 2544 4400 3174 4959 2546 825 1411 170 84 4731 3509 2249 4956 3186 1768 2425 4 414 439 1108 4109 867 2024 142 3895 3772 474 3016 3350 4420 3722 4979 1693 1082 2303 1844 1884 3203 3352 4961 820 1234 3958 2632 4741 4083 4640 4563 1087 4981 1116 4637 2552 484 1741 3545 1830 4719 3573 3948 4777 3679 3741 1480 3572 2131 1378 3391 3793 3428 1616 3648 356 4918 3095 876 2263 457 1544 2398 843 2679 7 4397 3555 2220 2372 3809 148 3875 2138 2907 1943 4537 3044 1703 4555 2223 860 1265 3102 4639 1168 4106 2806 712 927 2912 2212 3345 1792 1311 858 4034 1912 4352 479 2202 3440 3728 4278 3666 1282 4311 140 4852 4650 265 2424 1086 1044 1388 2325 4003 2635 3530 602 3694 2230 422 2450 43 2060 3471 4770 4001 4192 2294 1398 3653 3529 972 4868 3651 2400 313 4046 2253 4843 384 4787 1982 3090 32 1775 2239 1826 453 1126 3998 1033 4817 3431 1633 91 2347 4266 2638 4885 4339 2780 4708 3924 2233 1521 2991 3208 518 2789 798 4226 2633 131 1674 1949 2879 3645 739 3429 4115 1363 3407 2677 3037 2725 653 4346 3949 348 2192 4655 4695 127 3976 1046 4302 4709 2986 4142 1381 3661 132 3106 2195 1172 2056 3622 106 3520 1337 1822 780 3450 2264 1389 3476 1030 4920 2816 4735 1179 3334 1231 2634 42 1056 597 3769 4666 2145 175 219 1058 4582 4658 3744 314 2942 3103 3181 99 823 190 1465 2916 1019 1634 640 4070 3141 3806 838 1642 4282 126 2870 2860 1453 793 3519 1623 794 3776 4108 4347 3496 2896 3142 4395 841 4547 294 3997 4465 996 3178 3733 826 4403 279 2452 1647 3495 3877 4167 785 4862 2077 3305 3619 2431 1476 1840 1127 4023 3660 4025 590 500 4405 2901 21 3912 4450 2906 1489 4549 3439 4177 766 1135 1893 4223 2141 1210 3383 4304 939 4137 1788 551 2016 1699 3632 1387 708 226 4245 628 1081 1503 669 743 4081 4756 2721 3723 4773 1757 2709 565 145 2512 883 4768 809 4160 1974 3865 2652 45 1178 981 4584 2630 3273 240 2437 1040 2311 3578 1137 1784 4384 110 3525 4642 3398 2397 2903 3784 3187 4330 470 4949 718 1631 1357 1519 1472 2419 2441 713 524 4205 2923 4745 4947 4398 176 904 1795 1667 1271 788 4662 3406 1109 3059 3241 292 1652 3459 4371 2273 1455 2006 2302 3237 2781 330 689 4649 4883 4911 714 1430 2106 3609 4942 1591 2029 3148 2260 2556 1444 3378 859 2020 2693 1483 1368 1496 354 3469 3833 917 1592 4060 3999 2770 1760 2297 4937 569 2569 3760 3775 1393 2416 220 4481 1279 3136 3070 4648 1533 3985 224 3853 3479 4701 606 2925 3085 2822 3921 4724 3150 572 4970 1646 3081 4905 3353 1867 1324 3542 104 1776 3145 495 3300 4232 3731 3688 3713 4189 2417 2031 2807 4062 4247 2185 753 3502 577 3669 3216 3934 3655 1620 1407 543 664 1001 813 1463 768 398 3719 3434 2720 665 1142 4214 4747 3815 4221 2084 1029 787 4305 4872 4870 318 2160 3473 455 283 482 3658 4600 4242 2215 1059 3467 72 1290 1499 792 937 1268 2306 4934 3422 4803 3127 4847 4056 4358 621 635 323 4778 2497 4571 582 375 4507 2122 2072 686 2112 2414 4581 975 2601 915 3623 4783 4360 3501 1641 4635 1940 461 4836 3361 4587 1805 3983 3056 81 2830 1277 4845 3640 751 3918 4894 192 4094 1614 2831 1174 2274 1064 4335 2594 892 4575 2208 3073 4051 4312 4354 909 3201 4204 895 4166 2331 3060 3233 3464 4738 3527 1559 3759 3916 2384 2553 2153 4723 2113 2842 4846 1492 1573 1403 3199 2025 830 34 772 30 4562 4692 2984 2133 442 836 2231 276 2090 3318 2236 1724 2405 2796 2265 2767 817 4939 2580 2606 4207 4675 1344 1972 2308 2519 725 1233 1107 4809 2962 1464 1402 3311 2085 4943 3294 3588 4494 3254 2835 3707 1720 3979 556 1857 4112 368 1153 2351 832 3838 3876 2477 4267 2217 3879 3368 4636 662 3119 1223 487 2768 485 1586 633 1848 3348 2340 2356 3621 2476 626 4399 2577 1676 94 3925 3732 4381 672 4536 3197 1256 2444 4149 2795 3377 1675 2341 703 2750 2467 2605 4188 944 2669 1978 4502 1420 676 4320 483 2180 1751 4307 4368 4753 4899 1601 2150 629 2470 1047 1897 4670 679 1817 1971 3028 2435 3766 2445 4521 50 3992 300 1409 2498 647 3620 1052 3049 1262 2957 1328 2005 4900 4953 3504 1291 1203 600 4122 2786 1952 3289 1032 3029 2126 3596 4958 1391 4501 4957 1985 3269 3589 4173 4159 683 2362 4283 1537 3401 3478 3837 1228 3310 3556 2861 3100 4865 1175 3855 204 2137 1564 824 4065 2480 3597 3657 95 1253 774 2949 2504 2886 3367 2771 1310 656 340 2980 3234 3485 2081 4476 901 3239 3315 3490 3909 994 2440 3915 4128 1296 1432 2069 4830 3625 374 3822 4528 1712 2542 2965 3481 523 649 395 3108 3614 2915 2421 1923 4867 2678 3628 3716 4605 1603 4916 1372 407 636 1273 3560 1991 914 942 4230 4595 3692 4151 3852 3893 4194 4406 2401 2271 3505 1100 2784 3452 4559 2865 4976 4982 4009 182 1959 2937 1744 3593 4285 1895 1717 4579 1977 2162 3155 585 638 3973 504 3099 3240 3891 1508 4945 327 3424 3432 3454 1242 3770 1910 3144 1026 44 2898 3751 2752 3987 4036 1806 727 2378 4387 2013 3737 3026 1148 3568 2554 1504 2352 4445 3954 3376 4248 4676 2430 83 2307 4240 3336 3365 900 433 1285 87 1729 4884 1439 169 1141 2802 3970 29 1611 866 17 1434 3402 3922 2373 4022 179 732 4468 3444 2219 4811 419 287 1783 3956 2762 1349 3911 2961 1801 2755 2746 3360 4944 2389 2641 1130 1665 963 4859 4887 4822 12 920 251 2625 2281 3331 1436 1942 2685 1829 2900 1295 3184 2292 1445 2590 3274 3172 4118 1497 4374 4457 3381 880 2411 525 2174 188 3412 3316 4033 3369 2968 2412 3292 2406 3951 1718 2530 382 960 2682 695 3743 2475 2010 432 3414 3856 779 2164 1739 2034 121 1457 1764 3235 3487 4663 4866 575 3888 3523 52 4873 874 1230 558 1782 2528 4006 3253 128 351 3231 2964 4891 2206 869 3874 2078 1245 4446 2250 3134 4796 3554 3232 466 2399 1878 2023 3068 429 929 3559 1264 3338 2694 227 491 4586 3054 306 3931 3889 3299 217 2420 3901 2451 762 183 31 1754 2193 980 1347 2181 625 160 4017 4604 2190 4365 3786 4028 846 530 607 4044 4356 1459 3644 1853 2734 888 4364 546 1442 2171 418 1416 681 259 4806 2792 3543 448 4255 4135 2850 773 4766 3421 1734 4557 1315 700 675 1976 1396 410 4075 438 2704 3374 3220 4423 3696 850 750 2801 1781 4196 707 2922 3077 475 4652 3546 1841 2120 1694 4971 2909 1322 4393 3247 1740 1211 435 403 3860 2837 1160 998 731 4540 329 149 872 3801 4466 4449 2727 1038 85 4544 2354 651 4148 4576 3832 2851 3942 2732 655 4539 2442 3587 2849 1752 4385 4771 719 3448 4525 2574 4767 974 1450 2201 1809 4775 3211 2541 320 2334 2483 968 1186 4264 4750 2175 1035 827 3010 3715 4414 603 1102 2358 4718 999 4505 1312 4560 1105 2166 3515 4261 268 4031 3937 4902 4462 1021 2017 4746 2076 2355 840 2009 2485 3281 3018 4743 245 3608 1176 1906 1075 4129 2855 4690 3245 4183 2479 1354 1244 4475 492 4730 229 583 1194 1951 396 4602 1562 2532 3344 4990 4915 1452 3159 3864 1169 3824 236 2794 2681 3277 379 1989 4748 985 3086 1146 1122 2121 69 2747 2873 1078 1114 1929 4418 3834 3456 3693 746 4831 3511 4191 2521 3789 1813 3224 4672 4834 795 2245 23 4988 1904 1139 3021 2248 916 209 278 923 2809 1443 1901 853 2097 3952 3685 2304 2706 716 4923 3264 4052 2820 2261 3313 4308 2367 417 92 4904 1456 2797 1691 1383 1871 1811 3697 948 4492 2596 2277 4513 1613 428 819 481 4818 1944 3654 2660 1914 4069 1946 2027 3878 2134 4812 1438 336 1602 1190 2978 250 693 2070 2744 2055 2008 2589 272 2376 1458 4908 797 4929 3204 2225 2646 930 3287 3508 3611 1206 1188 4272 2557 3960 4764 1124 4653 3074 2091 1362 2872 4703 4955 3935 4917 4585 4380 1882 650 3228 1554 1939 4035 1557 2611 4910 1421 1755 2958 4233 3282 1980 4664 648 65 4634 2812 3773 2620 1318 1547 4737 1548 4487 1104 875 4104 2021 642 156 3807 959 581 3896 2478 3488 3592 938 2722 2787 4932 644 1110 4417 4215 799 1823 4249 682 33 2329 1329 1055 563 4259 20 2169 2743 1966 450 3846 112 4931 202 4707 1684 2928 4318 3705 4673 4879 1877 449 4357 1074 1209 200 519 3041 2791 589 993 3684 1212 4284 2884 1000 1238 3078 2015 310 4855 2038 4057 2857 4211 4161 2821 4300 728 657 2393 4480 3507 3571 4316 2583 2454 2565 3665 3646 4337 2656 1303 4625 4409 3094 1401 4656 47 2967 1551 4085 3413 3031 2117 955 1664 1771 3486 4190 2481 1588 3327 4154 514 2643 4277 3851 533 2172 2662 4430 4484 4095 2897 986 78 862 4837 1876 1414 187 2545 1165 4759 1259 2999 4040 3132 3492 4715 1506 2929 1660 2588 1814 4071 2198 4609 2119 1922 469 2956 3873 2462 3940 4229 4704 1745 4314 4291 1845 3474 1113 119 3835 2567 1509 162 953 902 1679 2465 1220 4687 4101 77 3118 2061 5000 1789 2800 688 2149 1930 545 4713 3354 4721 2456 1045 4482 4005 4234 261 2064 2337 4622 4271 234 243 3680 4499 3280 1708 3284 912 3158 1920 4683 2610 1335 995 821 3008 3613 2157 3498 3512 1305 3691 3943 2042 1473 297 4286 1180 4485 1345 3394 1068 3906 4460 4390 2885 1863 1570 542 2875 1085 2621 4963 2598 706 3582 2520 4489 2098 4512 1117 51 3193 146 1364 497 1825 2327 108 3612 489 2086 218 1770 4519 462 1995 3724 3803 1622 2443 3047 532 1284 4429 3932 2707 4553 4632 618 2859 1956 4297 408 2926 4310 1810 1024 2032 3302 4064 1089 3276 4338 1758 412 4613 2537 2976 2524 4292 868 3304 4325 740 293 1309 941 3140 1839 4127 2573 167 2698 775 2309 1196 3042 4530 2619 3461 1850 3410 3672 2353 2267 729 1990 1731 692 1252 756 1987 1031 4227 3417 954 4774 2238 2502 570 4415 576 1555 1449 3704 691 1299 2657 1637 4973 1787 965 4617 1498 601 4495 4473 3747 2899 1515
2266 4366
815 4014
456 4918
732 3394
246 638
3005 3551
569 3851
2137 3190
1331 3548
348 1559
517 2984
651 924
1923 4231
243 3769
1287 3421
2889 4511
3319 4918
1767 4959
358 2750
2785 4276
1446 1934
629 3139
649 1521
112 4412
2271 4578
2357 2891
934 3834
1937 4879
45 540
2940 4199
985 4571
2757 4619
2756 3203
146 4908
307 1863
943 3609
1772 2670
1855 4796
1373 4087
758 4947
3644 3937
937 2986
1824 1914
1102 2573
281 504
585 3612
730 4193
1093 3523
4181 4640
769 4640
477 1357
2379 3637
3130 3233
642 1551
3448 4322
3388 3528
1311 4131
1442 3141
2105 3915
71 1185
998 4075
3909 4919
1093 1625
2930 3458
280 4360
4543 4598
1403 2793
1916 2125
1938 2619
608 761
81 4640
518 731
722 974
2515 3348
1059 3984
3105 4469
771 3935
477 2922
2966 4676
1819 2035
373 3213
689 1723
1711 1912
1602 3950
3764 4339
1262 4957
2665 3739
1862 3819
1074 1724
725 1232
4043 4402
2116 3330
1751 4887
2910 4126
910 2566
210 786
2589 2951
2824 3490
341 1929
714 3641
1278 4399
426 3907
1746 3058
309 3994
3650 4049
1547 2021
2674 4093
538 1455
1559 2233
1968 2665
1521 4032
2576 4471
3325 4498
1471 2732
594 1166
640 2559
3919 4265
1671 3524
2370 4130
380 1249
695 3170
1696 3394
4067 4746
677 900
560 3266
3358 4298
1320 4943
4057 4263
1290 2103
3435 3709
2416 3497
1403 3349
1519 3742
2583 3638
404 2150
3683 4878
2076 2101
310 3193
4 3758
1761 2044
823 2442
389 4995
1092 3395
210 905
419 1867
968 3272
390 4105
922 3126
1269 3730
3847 4576
2472 3218
2524 3442
1537 1628
518 1260
2825 3716
3818 4960
2256 3540
55 998
322 2734
3359 3922
410 2046
257 933
336 3900
1040 2827
1993 4186
3436 3683
4123 4789
2934 4094
2982 4261
1235 2876
1186 1854
2478 3567
4308 4900
286 1003
4501 4696
363 1527
4027 4742
257 1079
1350 2648
213 3739
292 4692
634 1024
1514 4470
537 2407
3095 4281
456 3104
2304 3809
937 4063
4320 4613
3077 3401
720 1361
919 3664
3781 4386
2847 4293
1774 3565
2205 2574
2347 2589
1040 2697
1845 3517
2851 4094
2439 3956
2785 3711
47 1153
12 3078
2402 4257
370 2311
3202 3531
154 1186
3753 4123
2314 4508
2681 4291
2533 4378
1288 1881
1617 4293
1194 3522
2730 3712
2221 3523
274 2381
1057 3133
2054 2285
993 1752
791 3428
727 1410
1299 1662
1314 2293
1415 4950
527 795
2045 2568
3473 3520
1340 1895
3802 4843
3838 4221
1138 4422
2391 3518
1073 2322
859 882
542 2188
22 4459
730 3846
2384 3069
1783 3791
2241 2416
3031 3288
4376 4976
951 2961
4442 4539
1138 2642
3196 3320
2010 2851
811 3292
2055 3164
3224 4774
921 2784
968 2871
3366 4452
3033 4525
1861 2868
2 331
869 1271
393 3167
112 1619
1489 4582
1775 2605
794 1462
1471 2682
3645 4113
2522 3288
1933 4559
1476 2513
1295 4086
3380 4350
798 4765
781 2094
4433 4918
1163 1584
1925 2371
1801 1957
327 3560
1080 1661
520 3424
2769 4530
1567 4285
2247 3942
1070 1244
3173 4395
3294 4413
2119 2926
1662 2413
4178 4332
3650 4376
2193 2790
2142 2321
427 3880
3526 4504
2662 3544
1671 3205
725 920
178 4050
14 1554
2568 4659
2657 2872
951 1860
3667 4893
1954 3150
338 899
235 2428
1712 2728
4491 4656
2771 3967
339 4592
790 1904
108 4469
38 4970
1788 1903
1057 2409
880 4950
423 3237
2728 3870
959 4469
1777 3312
740 1155
2413 3811
160 4073
50 2952
1845 3707
1513 1972
3708 4619
1687 1976
1847 4605
1862 2956
147 3002
1025 3554
2425 4722
306 2302
2049 2399
2958 3659
1078 3351
1944 3147
3 1610
290 1800
3041 4263
3281 3479
1603 1693
476 2926
2233 4993
631 673
1655 2545
3923 3932
1259 1715
2758 3244
3308 3537
3135 3232
1937 2647
384 2180
269 1334
237 2038
66 1734
2325 4310
2308 4534
180 4171
351 3737
2354 3285
3311 4534
267 4103
1037 3209
13 2687
1727 4675
2532 4314
1131 4123
3189 3815
2345 4625
1296 1757
764 1846
2025 4245
1971 3283
347 2531
1011 4669
2737 4019
504 3435
2984 4507
2261 4503
420 4620
2662 2760
172 2189
2182 2646
1143 1378
1638 4246
2557 3459
1470 4960
4580 4896
2464 2513
2508 2882
2021 4742
3062 3384
898 2518
72 472
1143 2500
3691 3730
1035 3536
1658 1836
2490 3472
1582 4032
707 1440
1578 3343
2721 3850
2725 3422
1309 2879
1804 2687
4215 4293
1019 1809
251 1149
2572 4319
647 2816
399 2966
1322 4857
831 2995
2445 3329
4265 4979
1952 3237
585 2321
472 1009
2035 3831
240 649
2510 2701
2142 2308
3564 3660
2183 2249
69 4780
877 2974
2247 2883
1194 3472
652 3842
2768 4011
1960 3793
2397 3037
378 398
955 3392
3197 4907
604 4787
3282 4167
1351 2650
82 4389
440 4775
2613 4111
2313 4114
1885 4568
1285 1909
499 4492
2852 3588
784 2521
1925 3235
66 2337
769 2379
1132 2833
1679 2945
166 432
2872 3571
2187 4771
417 2748
1170 2466
599 4164
2010 3074
154 2767
3070 4792
2013 2773
4148 4700
808 2057
768 1752
100 1269
2845 3709
472 3508
1464 3575
509 2977
1128 1746
1690 1728
994 3402
1065 4363
1437 1903
1820 3189
1732 1766
1808 2990
3982 4251
3068 4473
1314 1343
1775 2629
1598 2459
1725 2498
2747 4689
2524 3371
2351 2464
1191 1601
1819 3882
210 1764
1119 4408
2410 3177
431 2076
116 3457
339 2727
1534 4708
2420 3187
867 3241
176 2689
926 2727
216 2606
3465 4487
2847 4121
940 970
2457 3373
1255 3373
1400 3270
4239 4289
1747 4589
283 892
895 4467
1438 4101
330 432
3329 4659
1428 2655
162 2418
2125 4698
500 4222
3405 4537
1246 2149
1156 3146
1929 2623
1187 1773
2165 4453
1840 4895
723 1279
1277 3306
138 664
240 3044
165 927
4407 4481
564 1606
333 990
1413 1913
1014 3044
2927 4196
3465 4272
394 3606
3247 3927
978 4021
2426 4512
2334 2489
1280 4603
3548 4432
2068 3884
1132 3595
1740 4320
2364 4343
1733 4233
338 4682
1477 2619
318 3581
220 3197
1927 3298
2343 4222
566 2263
1316 2495
23 4629
776 1124
2238 4046
579 3482
1466 4765
1790 3526
1727 4811
2667 3170
1146 3886
3549 4001
1259 1848
1136 1873
2402 3751
2563 3998
2366 2659
344 596
1048 1919
472 1138
1474 1614
122 3682
2572 4715
932 3454
1853 4734
2476 2722
2606 2848
2894 3933
241 845
1114 3487
281 568
1178 2082
53 133
1499 3448
227 2148
325 2882
1669 4198
693 4444
274 1158
3308 4441
627 2270
620 1690
526 4481
1350 3895
894 3764
1921 4962
327 2914
942 4611
3126 4628
2365 3923
2868 3918
3100 3839
2136 2192
4108 4491
2668 4442
1034 3356
4103 4402
2472 3541
623 3043
883 2412
2796 3098
1411 4945
2963 4610
732 860
1925 2010
3459 4031
389 688
1184 4995
3677 4996
3891 4539
3606 4429
309 318
1520 2546
452 4737
725 4585
1620 3863
1789 4834
506 1024
113 4982
63 2513
31 2479
2858 3286
99 2553
1660 3245
3608 4857
91 3089
1124 4801
2844 4357
1430 3574
4114 4766
2312 3930
3501 4513
91 473
872 4697
367 1724
292 4286
451 4375
1970 2848
788 2156
2185 2373
401 4352
1842 3433
938 1551
154 4860
2928 4977
18 2403
505 1970
2643 4997
1840 2226
1550 3139
1348 1974
749 4375
2242 4323
3132 3710
648 4905
429 3698
1683 2853
151 2797
313 1985
2772 3785
323 4381
1572 2825
2002 2230
2036 3228
485 4057
3216 3250
4590 4783
2068 3615
2297 3591
1284 3000
2558 4156
1499 3444
2038 4840
213 2668
170 2789
1545 3062
3804 3895
1294 1557
2270 4214
65 543
1412 2570
816 3098
381 4525
505 2930
410 3225
2129 4492
627 2896
1367 3120
1069 4282
1031 1718
1327 2176
332 4611
1421 2227
1768 2114
2792 4066
1817 2453
603 3766
988 4005
1668 4422
782 1219
1482 4152
1476 1769
1369 4244
913 1096
1284 4112
1790 2925
2603 3738
1395 2587
3344 4184
2823 4114
2222 3412
3891 4386
701 704
82 741
620 3620
2124 2211
111 1117
3114 3999
1139 2313
1578 4232
608 3547
544 1842
1908 2241
1789 3841
2660 4974
2277 4301
1110 2491
2766 3839
273 2276
1661 4641
2842 3773
3925 4918
649 1347
1842 2851
204 3218
3512 3729
743 2510
2595 3554
797 2495
128 565
1343 4107
472 4329
342 2558
551 4914
241 2641
3796 4474
3780 3935
407 3455
1411 4699
917 2238
2570 4710
303 784
155 423
1101 2432
2475 3208
3136 3983
2101 3227
1513 3396
2996 3689
112 206
2419 2545
1987 3693
1383 4860
1687 3624
1696 2035
721 3912
4321 4588
1894 4074
2230 4596
1099 2855
40 1112
277 2968
931 3398
655 2994
185 1490
29 2867
1325 4402
1490 1759
1741 4369
87 3522
2291 4041
438 4473
855 1091
2164 4283
2066 4585
1459 4164
1106 3145
805 1540
1219 1555
4036 4568
1201 1533
2922 4484
1670 2607
1819 4133
3908 4195
1638 4247
204 3586
3860 4488
1280 4702
793 4850
3877 4603
897 1306
1087 4147
1830 3485
2453 3303
494 2568
326 4408
1096 3339
1778 3547
2948 4975
1851 2072
3756 4442
2110 4094
2638 2988
347 3795
1505 4876
104 2757
572 961
2483 2618
321 1724
2244 4463
1610 2107
211 1362
1912 3280
1227 4204
55 4390
340 1446
3185 3645
1147 3621
2061 4328
985 4273
1385 3267
1593 2525
1395 3479
1485 2652
514 2414
2217 4410
1193 1737
3820 4926
15 3401
1384 1885
393 1640
257 807
1351 3109
93 3722
1927 3010
3229 4512
4024 4095
260 582
2261 3606
2955 3030
3135 3636
2784 3864
3191 4961
1900 4992
304 3541
2694 4049
3252 3827
281 403
1095 2808
3013 4279
881 3316
2818 3467
1946 2059
420 2596
7 1298
1721 2367
237 1576
3490 4960
2574 3710
1036 4257
886 1683
244 2664
125 1652
23 4811
4267 4364
949 2203
2192 4864
3831 4854
1753 2876
377 3150
3195 3833
213 4773
942 1650
3245 4885
1802 3797
1572 2678
2437 4665
2196 4015
1119 1742
2290 2435
2033 4229
1930 3700
1976 3060
1683 4018
27 280
2206 2736
2577 3841
3043 4624
1327 1422
3659 4048
2288 3999
2817 4865
2831 4849
1368 1635
3218 4203
2656 4506
3536 4131
4306 4423
972 2768
3865 3930
3089 4172
709 4670
2948 3318
2694 3636
150 4043
3772 4305
746 3773
3272 4009
3567 4629
191 4104
588 3916
942 2106
3090 3121
1951 4436
4120 4150
1675 3381
836 4794
3210 4517
1681 2748
204 1107
2330 2892
120 3506
1114 2028
705 1563
434 3150
45 2539
1320 3068
2101 3944
94 1180
532 1843
3871 4037
2678 4463
2218 2412
3560 4228
3211 4256
1047 2427
715 3641
495 1667
3042 4660
3777 4544
739 3751
1471 4867
3257 3605
301 4036
465 3200
3151 3592
2187 4664
4577 4890
2863 4042
1858 1936
15 2049
916 923
971 2622
138 892
1798 3669
4362 4891
1788 3004
2914 3053
1754 4057
1859 3642
1092 3666
2083 4147
74 1470
1050 3808
3790 4272
1221 2116
3751 4028
1200 3346
1758 1844
854 2650
508 3701
1164 4639
2758 4312
3463 4373
225 934
3618 4000
1681 4824
2755 2986
581 1129
277 4974
179 443
1606 3963
951 4133
263 2709
694 4004
2171 4624
329 3667
2269 3154
4700 4702
3639 3944
3324 4827
3336 4754
428 2974
2505 4018
375 1026
2540 4465
859 4484
334 2230
1416 1767
2945 4399
328 1585
1101 2062
1924 2607
2011 3573
2102 3493
438 4928
151 4517
3959 4050
1265 4719
2282 4110
1411 4581
99 3198
3266 4424
2514 4408
9 2716
1072 2511
1780 2801
3224 4069
370 1578
587 1203
1055 4627
4429 4648
1336 2999
1911 3534
1106 2211
1357 1748
1654 1747
519 3947
718 4631
2045 4235
3780 4344
3171 3885
2947 4859
4482 4595
1828 2283
987 1660
2622 4443
2647 4012
3054 3636
1129 4129
438 1907
1316 3770
837 4296
3638 4060
1320 1329
2380 2470
1958 4051
4405 4747
230 3021
669 1060
555 560
668 1177
191 4996
691 946
3031 3610
1118 2315
2565 4270
1532 3326
3983 4163
3613 4484
2399 2581
784 1589
619 1795
2790 2908
69 1037
1974 3472
1322 2181
1620 2957
3783 4557
3814 4949
2460 4066
1091 4551
297 3160
914 1637
4791 4820
344 3145
2532 4999
2177 2324
2314 2644
573 4206
2804 2893
2410 2835
786 2792
3086 4737
2071 2548
3174 3631
250 4239
258 4058
3062 3759
4043 4595
3054 4595
3114 4774
1752 4313
1694 2390
503 1096
142 1109
127 371
61 527
3119 3384
373 2605
1767 4200
620 4695
2650 3614
2122 2671
2067 2098
1163 2271
2640 3174
2504 4570
1215 1324
361 3439
1423 4669
3188 4775
2714 4407
2666 3154
2786 3687
3595 3807
809 1672
1965 2139
4226 4553
315 4062
281 3378
722 1398
182 2085
1462 2323
1485 2223
144 3984
675 3996
910 3677
962 2619
1629 4304
3344 3352
616 3019
368 4869
3480 3879
3012 4242
2999 4526
727 3681
2151 2363
173 4499
913 4781
1159 3328
1666 3568
1273 2715
3308 4965
1897 4805
1206 1836
1973 3027
1194 3148
898 4383
199 2155
2252 3527
3167 3717
713 3666
518 3008
1151 4193
407 2444
1598 4894
2848 4528
1204 1793
2097 4478
18 4786
975 4218
1782 2498
126 1279
2554 2563
438 3025
2275 3722
63 3718
4352 4443
3815 4945
3689 4559
2693 3456
3670 3903
1866 3094
475 1037
1810 3758
2362 3009
1704 2114
1818 2309
1673 2400
4070 4867
971 2262
695 4423
1378 1645
44 1297
2741 4988
846 4433
1330 1589
2421 3235
2045 4918
298 4539
2356 3493
1605 4151
1974 4361
3096 4610
473 514
2479 3788
2989 4582
4474 4863
1538 2740
777 1686
2375 3254
3114 4950
3408 4058
2585 2872
1100 1439
35 4304
2115 4980
288 2948
1147 1689
3009 4066
709 2537
2599 3661
523 4120
1016 2525
389 2888
1840 3849
1810 2274
1288 2002
3455 4336
215 2754
2460 4857
2139 2795
3353 4343
1993 2920
4111 4285
4340 4550
1673 4133
149 3479
608 1696
630 4293
3373 3672
1203 4811
729 3086
2291 3980
2059 3743
3532 4141
491 4497
1642 2375
274 3687
918 2806
1793 1973
2558 3622
1220 4525
2908 4358
3698 4331
3679 4061
2079 2214
1162 2894
3785 3813
1456 3348
667 1804
22 3855
165 2559
316 951
4096 4762
756 4547
1589 4297
1437 2710
2048 2076
1384 1806
105 4658
719 1273
3680 4452
103 4037
2181 2487
42 4453
136 2611
595 4186
1038 4721
2740 3487
3613 4852
1200 4037
511 1689
4310 4335
627 779
1453 4695
332 4232
1955 4725
56 1184
1949 2938
3010 4260
1219 3811
805 4647
2063 2443
2685 3472
196 1367
550 3451
114 1540
3191 4698
852 3252
4068 4793
828 3584
442 1114
3106 3975
1686 2990
699 2355
1082 3902
2560 2924
1208 1987
1817 3288
958 1900
2178 4431
935 973
2843 4988
811 1244
422 4101
983 3532
2303 4130
559 4282
3135 3257
2243 4046
705 1254
4353 4547
594 3767
2644 4149
3684 4051
2565 4765
4373 4630
2725 4773
223 3234
359 3573
436 1686
2039 2776
829 2345
259 1047
702 1465
239 1694
2697 3604
2173 3728
1456 1959
785 2947
2286 3181
1148 3316
1503 2067
1539 3522
1848 2132
2383 4649
369 2586
1191 4416
318 1966
1375 4881
3722 4715
910 3650
532 541
994 4877
252 3656
1402 2997
2642 4108
4342 4909
652 4067
534 1433
3039 3313
1149 1819
582 1156
850 1649
3327 4144
1012 2798
884 1677
1927 4430
952 3594
1594 2513
1409 1856
480 4047
929 1947
547 2611
4841 4905
922 1704
1569 1911
3693 4971
2859 3193
2904 4744
2311 3749
815 2657
994 2776
1325 4122
3072 4735
2515 4794
111 3886
2970 4744
1926 4576
1231 4499
2 263
1332 2464
504 1357
227 4057
555 1284
4805 4812
2672 4312
3703 4791
467 4038
2730 4389
431 993
769 1393
398 2599
1466 4866
1244 2195
1760 2997
1434 4107
321 1288
2573 4838
4442 4803
1358 4045
1636 3983
378 1662
3479 3489
664 3854
474 4652
2353 4203
3004 3898
887 3026
474 4116
2208 4049
807 3840
1342 4947
1465 4639
732 4434
1169 1874
9 4228
4291 4772
599 1194
2795 4866
995 3274
2827 3973
4830 4947
444 2257
1234 1895
3934 4228
1182 3850
1007 1194
303 2656
4266 4779
2204 4519
2066 2130
3562 3827
376 1278
2698 3807
1402 2147
1916 2900
1847 4223
3297 4102
282 3652
3090 4353
1098 1982
2074 4162
1791 2391
1271 3683
3197 4032
855 4199
2374 3839
878 2846
3991 4246
1912 2524
1527 3266
2623 4730
490 3420
4734 4756
3106 3516
3041 4276
3376 4715
2537 3796
52 4039
2319 3563
3248 3910
1040 3065
2055 4609
588 4314
3485 3781
1459 4821
247 3910
2524 2685
1427 4542
553 4416
1475 1822
2522 2848
781 1002
3896 4637
921 2891
948 4252
853 2404
426 4448
1627 1870
973 1512
2102 4363
1655 2322
1585 4163
3909 4351
3695 3970
544 4481
164 3911
526 2266
4595 4826
813 4359
438 3816
81 598
2604 2656
112 4478
51 4879
1162 3957
2954 4781
419 2931
1719 1863
2386 4021
801 1959
1790 2639
642 3639
3093 3212
2654 4513
3422 4641
1899 3781
3215 3602
2626 4923
2341 3479
2129 3509
566 3256
883 4718
1185 4138
2904 4802
3731 4724
1331 3985
189 2317
267 2111
3584 4618
1372 2755
2769 4015
4331 4599
3163 4682
609 4955
1582 3308
1244 1518
1919 2509
435 2894
2543 4531
1873 2984
1531 2976
2345 4802
383 2422
828 1390
1917 3791
2666 3135
835 4077
4030 4409
1617 4261
2001 3935
1935 4298
81 2822
2379 4131
1909 2319
3462 3540
1548 4525
802 1540
1560 1685
473 4473
1163 2910
856 4383
1266 1809
3004 4426
1558 3840
1552 3549
3529 4043
2539 3298
2243 3639
2477 3696
1977 4019
648 927
145 2161
360 4436
1135 4270
1968 4575
1344 3394
3505 3747
787 4540
511 2597
1623 1642
1304 4986
3286 3607
1949 2019
847 2047
4074 4650
775 2418
740 865
1947 1985
3801 4742
3035 4722
477 2233
2009 2012
715 1689
14 1011
1553 3466
2336 3285
1660 2704
372 2597
1192 3297
1950 4264
600 4634
2109 4135
1880 4595
208 744
63 600
1535 2653
2076 2423
3228 4094
286 4267
1653 4074
2565 3143
1062 2878
2337 4660
1190 2049
3631 3900
1811 3507
611 3817
2436 3277
1869 4490
564 3270
313 2789
993 3048
2625 4853
4909 4977
406 4602
902 2581
1008 2495
1301 1442
2493 3051
1591 4489
918 2308
1636 3499
356 3434
59 519
881 1415
1388 4790
2169 4667
83 1615
874 2135
697 4166
4073 4217
1169 2217
906 4448
3707 4374
211 2760
1036 2193
1723 4353
2137 2307
2664 2730
1476 3541
1138 1483
2372 3014
1941 2780
1297 2649
3021 4056
371 503
2763 4592
2042 3674
3079 4666
2332 3033
315 1805
821 1332
2454 3188
137 3614
323 2433
412 841
298 474
113 4758
1642 4362
608 3140
841 2944
2544 4777
2804 3931
907 3251
3170 3755
229 1574
864 3644
951 2091
1073 2663
1613 2582
1521 3339
3302 3329
447 4357
3356 4725
1717 3407
2989 3499
334 4540
226 1683
1478 2691
1390 2012
1746 3791
1196 1412
1710 4876
1618 3020
600 2319
1549 3894
707 1084
3074 4961
163 4154
58 4975
715 1507
399 2751
4290 4869
2999 3617
2375 3348
2615 4763
1765 2768
3290 4745
800 936
2912 4545
4106 4393
258 4479
2316 4717
155 2155
673 3987
3014 3639
1050 1202
1497 4391
2554 4939
492 677
344 3653
1647 1743
412 3120
756 1199
1198 2514
2317 2617
4507 4721
2565 4126
411 3327
3618 4578
4535 4745
1596 4975
1175 4119
4175 4799
708 2625
540 1306
537 587
1492 1825
4044 4260
895 1936
3468 4839
342 4390
944 3838
2314 4530
2421 3985
831 1787
603 3283
415 4382
3320 3429
2147 2966
3912 4566
1564 4810
2834 4349
1546 2006
613 2278
1956 4781
317 2686
162 3846
993 2091
2114 3643
1023 2161
312 4738
1390 1541
408 4981
2335 2734
3169 3259
556 703
438 3688
800 1211
2744 3879
1934 2423
932 3911
771 3733
1144 3797
4030 4674
450 3268
1200 2213
1181 2765
754 3052
1277 4152
3658 3840
2537 4497
412 2441
162 2303
2738 4531
1343 2448
1397 1960
87 2516
4113 4943
3230 4621
4078 4557
57 4842
2730 2769
1386 1783
3089 3599
1768 3299
2298 4858
84 4992
520 2703
1555 3998
620 2809
52 4853
94 2580
3880 4865
3066 3146
2115 4885
234 2686
2703 3131
644 4993
4385 4423
345 3749
2048 4444
2989 4845
430 4584
2138 3720
278 4934
461 4788
2642 4098
2315 3718
2902 4821
2234 2335
2653 4505
4932 4995
2404 2997
3224 4066
68 1770
1179 2664
1874 2860
924 3504
2202 4158
2845 4077
88 3958
258 2723
4149 4651
555 3095
441 4011
63 899
2311 4250
1274 1745
1984 4217
2324 4178
169 4524
1373 2635
2835 4858
2117 4436
1706 2173
831 3409
1232 1492
3082 3300
385 1842
1908 4787
1701 4455
106 1818
2443 3101
3000 4551
1067 4567
2838 4417
4525 4549
1382 2980
1150 2873
4057 4425
891 4122
3610 4474
3844 4658
1484 4797
370 4382
3895 4992
548 994
3943 4518
4326 4859
3032 3392
828 2944
1141 2540
942 1366
2720 3344
2711 4956
609 4276
1676 4286
1102 3635
1407 4260
547 2143
140 1950
1240 3127
911 939
1230 4199
1010 2594
1909 3963
965 1309
956 2780
2693 4084
3971 4394
571 1250
345 3251
2312 3442
131 4262
165 3196
3901 4171
2014 2420
404 3443
131 1026
237 1090
2538 3379
663 4328
655 3561
1034 3730
2437 4432
2088 4849
3548 4984
2612 4311
956 1851
3 1973
620 4446
650 3798
408 1076
3377 4109
4335 4493
439 4964
4704 4802
4029 4106
1359 4516
3539 3780
396 4562
1541 3576
1725 2270
1716 3464
775 4332
996 3953
3791 4735
893 3346
2532 4282
2278 3965
2702 4474
2303 3192
495 2896
1647 2183
895 2470
393 3019
3211 4293
3666 4224
1266 4340
1072 1488
452 2567
4689 4920
486 4653
539 1830
717 4863
3502 4385
1884 4812
2131 2146
3155 4303
637 1538
100 2422
66 4329
662 3501
1582 1866
2547 3751
1379 4357
1586 3602
3314 3431
1158 4844
940 3216
1064 2830
1662 3371
389 430
49 2255
109 1052
1623 4996
2182 4003
381 733
4269 4381
559 2131
3291 3480
1312 4856
377 4082
936 4085
754 2178
3007 4870
615 1044
2466 3762
953 4815
4491 4519
1998 3934
1142 4700
1876 2823
3228 4416
1065 4959
560 2589
4418 4598
678 1975
861 1219
2853 2994
425 1037
343 3393
1425 3156
1218 1246
851 2560
312 2684
369 1193
1750 2466
1242 1355
1380 2114
886 986
1243 4600
3059 3347
951 1095
355 709
1385 4667
3830 4810
1936 2104
3667 4519
1834 4364
1141 3074
776 4753
1324 4897
2166 2302
721 1628
3330 3743
1275 4713
1667 4541
3683 4794
576 2321
328 3782
460 4442
2419 2685
3748 4960
615 2596
2891 3492
3730 3972
4214 4322
559 4352
469 574
3307 3899
3719 4221
163 3988
2423 2590
10 1013
1064 3701
2867 3320
2338 4030
365 3318
1306 3785
962 2957
2698 4277
4264 4741
1745 4822
698 4515
4367 4512
1111 4804
100 834
250 3064
1025 2506
329 2822
1959 3790
1567 4756
186 861
784 2379
387 4627
586 3601
354 3869
1589 4834
3077 4285
2976 4346
602 3402
1325 1866
2052 3939
3014 3410
247 1785
176 4834
715 3972
779 2214
1348 3215
1086 3316
277 1217
986 4893
1951 4071
4537 4934
3230 3641
2478 4175
533 2644
955 1452
3779 4286
850 3802
1868 1878
160 4485
90 1703
114 2048
2767 3042
322 4093
1967 4167
410 4542
567 3070
2919 4917
2168 3039
714 779
537 1664
880 4133
2577 3873
449 3637
2491 3830
2747 3058
172 1673
799 4615
953 3167
181 1984
382 1780
211 821
3033 3657
386 2358
457 3212
1451 1524
38 4767
102 4377
1559 3258
780 2158
2052 3167
3596 4611
170 3948
941 2124
5 208
234 3473
3027 3248
593 3534
4155 4278
1923 3467
3192 3950
627 4253
811 3715
386 2348
3658 4219
272 764
1890 2714
234 4502
3759 3873
1322 4410
168 3608
3555 4166
4294 4885
1444 2162
748 4675
26 2654
1919 4368
1826 2544
3182 4124
1967 3545
4533 4904
1148 1747
4063 4631
2351 4200
2721 4134
987 3727
4468 4982
1094 1636
576 1786
1454 2235
2813 3116
410 2823
4004 4679
2753 3047
813 3494
778 2829
4351 4394
443 3839
1999 3439
1362 3838
3536 3636
2106 2579
1849 3446
134 4515
1050 4843
2220 4305
2169 4358
614 3329
506 2234
454 4362
3792 4614
1221 4586
1683 4027
121 4013
1868 3691
232 4142
2512 4768
1467 1725
2907 4463
1107 3384
2485 3461
4571 4893
779 4504
782 4919
496 2059
806 3517
1948 4357
2040 4977
19 1021
1404 2789
3466 3761
2335 3130
1802 3624
278 4874
1278 2826
1262 4063
3412 4039
1854 3200
809 3700
2324 3978
657 1640
2511 3021
280 4438
2289 4477
1284 2317
3994 4549
2300 4002
207 706
3657 3666
141 3012
2616 2835
656 3429
2422 4017
2866 3695
708 4852
1389 1416
2324 3546
1880 2442
3546 3818
2638 3342
600 1822
3089 4908
1926 2960
3113 4541
1689 3431
4476 4754
2556 4162
230 4803
387 2069
488 4215
3789 4483
250 1274
2321 4716
1141 1753
3834 4347
3856 3971
1028 1728
710 2555
1001 1029
3208 3588
2910 3674
2102 2341
737 4121
529 1865
1805 3572
1753 3341
2693 3716
164 2286
703 1732
2084 2351
65 3632
648 3659
3655 4782
2773 3887
944 3665
2595 4623
1349 2582
3443 4002
3053 3616
1130 4757
1618 3413
129 2158
528 2681
108 1019
913 2974
474 3717
1180 3861
1104 2796
2854 3469
2327 3979
1768 3047
1975 3533
1649 1771
925 3425
1422 4830
1274 1569
1734 1906
771 4406
151 3576
299 2402
2570 4318
1024 4394
3735 4556
1555 4994
2445 4680
3089 4823
1648 3530
291 3818
3593 4374
1992 4294
1652 2751
2684 4659
1751 3155
1209 1857
2306 2653
1260 3556
2745 3216
1463 3589
10 4298
2027 2700
2187 2545
498 1977
668 3398
1052 1327
2369 4744
1482 3603
1215 2279
1725 3831
175 311
253 2198
1877 4844
1142 2276
2226 4503
3243 3854
1899 4653
964 1908
1799 4241
3571 3914
684 4832
1162 4526
4463 4538
910 1824
640 3150
510 2151
125 3931
1669 3535
1975 4651
3619 4045
3032 3505
1890 4545
6 46
3039 3920
1192 4283
1924 4885
1052 3233
3124 3346
1831 3075
1512 2072
2348 2760
2133 4668
678 4051
1729 3032
2527 3718
444 2949
1582 3781
2863 4223
12 1299
3943 4236
2457 4357
3230 4782
960 1981
2196 2311
952 1676
1138 3660
3387 4575
3119 4138
1451 3377
4039 4502
1615 1646
3658 4502
1093 2792
3343 3965
156 2039
948 4044
1135 4217
4362 4588
2257 2266
2205 3581
1659 1985
1944 2066
1798 4389
666 1423
182 4111
81 477
887 4514
687 1609
888 3139
3259 4641
1764 2294
1525 4746
1959 4837
861 4642
1634 3364
461 2547
892 2916
2268 2458
2078 3667
4183 4868
776 1867
848 3824
851 4248
3902 4188
3588 4513
205 4089
3827 4576
1909 4334
1717 4142
1522 2737
1120 3546
1733 4859
1334 2490
2586 3794
1087 4376
1547 1574
679 2520
1542 2010
2646 4721
2938 3236
3438 4270
546 4679
1480 2384
643 3655
2638 3469
3021 3852
943 4181
2581 4790
2895 3304
1178 4310
2963 3795
35 3746
642 3160
1980 3143
1509 2133
189 756
319 832
2911 4198
2738 4670
1364 1977
547 3657
4355 4850
2534 4322
128 441
3817 4020
2980 4606
43 2169
2704 4433
2285 3766
1200 4377
3174 4654
2148 3554
1731 4046
4435 4602
739 3435
223 4220
1562 4047
1524 2714
1758 2380
1130 4128
758 2547
1281 2597
1433 2304
960 2539
3154 4009
27 158
2739 3628
2636 3476
3382 4033
3190 3519
94 1646
1478 2576
1334 2809
339 558
2378 3328
3865 3950
2390 2945
1863 3916
997 3195
921 2750
2319 2829
1212 1942
407 2310
116 3496
804 4318
1497 2070
948 4207
2320 4283
870 1424
4231 4379
3103 4292
1288 3382
910 2028
3217 4598
2428 3839
188 982
206 2055
3762 4929
1180 2656
591 4960
3534 4149
1801 2473
1848 4474
1819 2548
592 1548
3162 4578
942 1231
58 3525
1560 4413
371 1411
429 1270
2554 4846
4721 4969
1829 4924
650 2395
3198 4757
3213 4325
1156 4191
2018 2199
566 4851
2326 2545
3211 3593
376 2456
3294 3741
80 126
1140 2036
3533 4952
1899 1939
716 3774
1527 1597
4473 4737
141 4261
923 2686
3051 4959
1177 2787
1815 4263
600 2278
1311 3388
2785 4608
2542 4583
507 4276
247 4586
2867 4412
694 1246
450 1814
2092 3086
2875 4018
24 1788
1430 2248
1322 1838
1370 3418
1225 3079
243 2210
1191 4310
1503 1904
1233 4203
575 4187
1522 1657
130 478
978 3050
1849 2314
1670 4997
83 4991
13 4948
2597 2699
1436 4318
620 3940
772 1891
4045 4235
2309 3480
1971 4310
350 2815
1196 3767
3291 3723
820 1353
1833 4215
2972 3936
3246 4890
489 1370
1901 2948
3438 4109
2237 4680
3886 4761
1337 4968
3770 4574
3904 4431
1768 2682
2343 3840
1563 1870
3722 4249
1988 2305
2298 3752
2792 3323
987 2974
995 1676
860 1477
3544 3773
1457 2516
3043 3169
2682 4800
134 2421
1578 3944
2878 3745
2795 4262
1794 2196
89 2491
4153 4599
673 3564
3528 3552
2673 3058
1870 4393
2589 4053
3558 4449
4115 4331
480 2608
3576 4180
2126 3730
161 2107
47 2880
1444 3930
3176 3324
4172 4722
2377 2576
265 1457
228 4865
588 3953
1514 2325
818 3222
1081 1699
278 591
2721 3425
686 2275
1131 1365
538 621
2771 4618
3989 4623
1360 2433
500 894
1723 2735
763 2858
38 4250
1071 2400
307 3462
679 3839
3963 4789
1529 2242
2868 3559
610 2316
1970 4036
56 4272
628 3257
1602 1698
940 4101
4242 4573
377 674
516 3933
398 2386
3349 3823
1010 3790
3883 4309
522 2077
274 389
2755 4175
319 3553
480 2925
693 2720
4691 4830
4579 4773
721 1191
2288 4159
915 1760
2840 3147
2151 2555
4635 4930
1073 4418
94 1246
2427 4509
617 1700
1218 1433
2708 2962
660 1079
1652 2309
388 4985
899 2967
1959 3147
1167 1767
1250 2919
2829 4478
356 3425
2057 3551
2749 4508
2956 4798
243 4540
1274 2044
1060 2501
302 2461
507 1305
1482 4054
3389 3576
156 360
499 2764
1247 2210
1070 3776
546 1518
3677 3686
781 2840
1591 3538
217 2396
1131 1890
645 4687
87 2635
186 2113
1229 4728
3546 4343
50 450
1034 4286
4228 4686
2599 4712
3314 3817
1720 2436
3570 4027
1131 2506
3032 4581
3313 3431
536 1645
879 4115
1474 3579
3438 4384
1726 4509
628 853
2360 2442
196 2274
775 1255
3332 4222
1210 4325
2877 3356
19 169
1730 4420
1038 2941
79 804
1520 3305
3146 4101
934 1221
3851 3886
3112 4292
1392 1920
1374 1746
1289 2781
2170 3951
1060 4326
500 4942
698 3600
765 3517
3951 4609
432 3996
648 2962
1646 3432
4127 4385
665 1144
410 1486
3262 3559
292 3918
279 1439
1063 1890
269 2846
156 1389
1970 3805
1623 2500
2562 4269
2144 2685
523 1368
3048 4527
1704 4145
288 917
2849 3719
3638 3738
615 3159
2141 2230
2721 4707
227 2286
2781 3962
1523 2938
724 3934
1087 1945
2722 2768
2177 4136
2162 2528
699 2915
4750 4869
1211 4484
2609 4839
2344 4185
1672 4289
1550 4172
3017 4457
2985 4559
158 1770
2384 3643
858 3329
1767 3404
2641 4696
1193 3243
672 4606
1496 3985
2052 4390
1111 2527
2076 4008
2202 3048
886 4912
1618 3934
475 3017
1429 1627
3022 4181
2444 3935
670 3660
2143 4390
1606 4972
250 4245
1294 2906
1527 3157
489 2686
1157 3978
1422 2787
1891 2580
647 4540
495 4587
697 913
1281 1805
4101 4297
3334 4095
3241 4448
93 2967
1950 3844
756 2582
769 2127
1181 2206
1550 2625
1922 4341
1622 2256
564 4801
959 1789
313 4985
3215 4255
1760 4431
2978 3625
164 1195
726 1998
2323 4750
2883 4209
223 1518
1966 3335
1367 3619
480 3008
1580 3497
2238 2765
431 1190
974 1745
2109 3987
2278 4284
190 1578
1623 3195
886 4024
2031 3180
3292 4568
1085 3940
1351 3613
2929 4132
2566 3285
2102 2190
3312 4166
1278 1673
1915 3262
1986 2542
784 4542
2337 3630
2583 4005
556 4156
4546 4717
280 2489
1229 2043
2180 2420
705 2426
433 1126
1611 4438
1645 4438
447 2497
2731 4700
1190 2793
1920 2500
1988 2220
2008 4106
882 4022
2062 4670
980 2018
414 2515
203 818
2746 3718
1216 2752
926 2301
840 1297
1601 1803
398 4829
623 3101
713 1900
636 4488
1859 4539
347 3896
789 4993
1005 4025
4532 4879
1468 4465
2889 4725
933 3797
973 1481
4345 4775
3343 4440
586 1910
62 1003
163 709
1954 4118
1072 4084
170 1855
2634 3693
893 1797
67 924
471 4526
3337 3753
1237 4117
1076 2727
2951 4262
2505 3900
2256 3075
1482 4251
753 3712
975 1994
4453 4855
3912 4835
116 1284
2192 2969
2006 2527
1174 2267
3097 3880
1749 4530
1837 2261
854 2420
1196 3925
893 1069
89 697
1349 3922
3593 4002
3167 4744
1808 2407
473 1205
645 4490
948 2828
2472 4879
1829 4900
1921 2986
1036 3780
1094 4726
561 4896
740 4552
1604 4765
1904 4972
425 2806
346 3576
1690 1932
2077 3845
325 3996
2859 3747
2772 3251
21 3323
3646 3898
1469 2951
4506 4554
1702 2048
1651 2369
744 3461
3878 4771
2796 4463
2937 4435
1063 2407
499 1788
2611 4194
2869 4208
1517 4680
3480 4813
1061 3313
413 1634
746 2284
3178 3721
343 3000
3040 4561
1412 2675
1316 3022
2854 3863
1865 4842
575 1559
2207 4723
238 4797
1590 3679
495 1821
1351 3347
1385 4323
1610 2214
1034 4503
4397 4492
143 3574
1749 4258
1093 3883
3116 4810
824 4576
829 3789
767 4484
1774 4570
793 1036
1223 1285
1242 3572
291 990
1899 2299
1443 3968
997 2207
3689 3740
2156 3936
3565 4400
771 3500
194 3232
2651 4164
420 907
1069 2618
709 4548
354 1511
3006 3258
2119 3475
2618 4440
54 2220
2307 2936
2415 4534
3527 4807
50 3784
496 856
764 1983
1848 4868
1265 4760
348 838
1853 4563
2298 4631
2241 3255
920 4177
3445 4575
975 986
3629 4935
688 1489
110 695
2707 3129
128 3972
3029 3387
1987 4269
3754 4807
702 3161
1850 2551
3184 3266
690 3178
1493 2988
1013 4387
2905 3261
1259 3355
200 365
1553 2646
3609 4749
2479 3839
3434 4837
664 4854
3455 4274
2568 3326
273 4397
1323 4480
2937 4534
1778 4607
302 1948
1170 3239
4369 4441
3173 4696
103 4038
3441 4182
1418 4719
1046 4736
842 4074
442 1442
1432 3773
1945 4524
2030 2486
2872 4139
1421 2614
726 4923
2784 3892
1355 4936
639 2574
122 2115
936 4818
1455 3800
3755 4382
1107 4526
1280 1653
671 2986
2235 4215
1376 4155
589 884
2849 2852
312 760
3560 4405
3913 4295
1011 1688
2381 2470
222 457
2672 3483
727 1969
2043 2073
2025 4380
2150 3164
1156 4259
677 2948
2030 4960
2396 3569
844 3996
926 2834
759 4275
999 1271
183 3982
572 1170
1738 2509
173 4378
1649 3497
3491 4007
1038 3244
118 3492
1914 4706
2554 3821
1495 3138
1088 1561
19 4042
1799 3480
124 4050
60 2316
2634 2807
1171 4466
255 4327
4372 4381
1596 4155
1572 3826
939 3848
724 1813
1655 3506
137 3286
1740 4236
676 1974
225 2659
1731 4694
1708 3320
1846 2623
291 3784
1174 3860
2358 3532
3730 4202
1382 3649
1423 3110
2987 3201
1646 2856
450 1563
762 2897
1106 1660
498 1207
1919 4597
113 1131
1746 3792
199 2192
794 1195
1548 4930
3995 4723
2210 3061
1460 3344
1160 2362
860 1245
147 4356
382 2092
2603 3896
1842 2163
1015 3426
197 3058
780 1645
3565 4992
1702 4985
1304 4255
1090 2045
301 1300
246 3635
1387 4316
200 1677
879 1768
3004 4973
3950 4237
61 3061
2218 3807
2688 3705
1351 1510
2037 2235
371 4035
1485 4419
744 3645
1374 1549
2049 3675
1722 2541
859 4906
174 1574
126 2343
2480 2595
771 2103
4054 4536
642 3649
525 2463
1628 1902
716 4249
4391 4637
127 3476
758 1127
1238 2461
799 2916
2324 3488
2072 2752
1677 4646
3527 4311
2118 2124
3723 4693
616 1561
1399 4166
1848 2670
174 4447
2600 3502
792 1898
232 4571
1710 4694
2714 4594
273 4513
541 4408
221 377
1213 2702
2263 4530
2277 2597
1003 2113
2137 4111
49 4735
1354 1518
3625 4287
2198 2986
1705 3586
2459 3195
1294 4232
538 2757
554 4562
3884 4884
521 1216
653 2950
1069 4741
2932 4784
193 3605
3518 4578
1736 3960
1606 2706
2201 2737
991 1205
3966 4182
2633 2804
1855 2397
3126 3128
9 1752
3589 4810
1471 2027
459 4362
868 1917
1588 4665
2336 3097
3863 3921
2411 3401
297 3046
1841 3856
2838 2935
1713 2622
112 3503
748 1264
1481 4216
2709 3591
782 1421
2972 3824
743 1250
1456 2658
1763 3796
1200 4718
1199 4556
2026 4033
2837 4202
590 4709
4088 4173
2872 4825
2899 4724
30 4889
215 3320
2722 4354
1042 3681
893 1473
1828 3702
3869 4501
3490 4719
1277 4282
914 2414
2839 4854
1359 2638
1053 2720
1558 4520
2542 4168
4339 4572
2016 4434
114 359
1833 2541
3328 4579
233 1856
3932 4173
3296 3364
6 825
1037 1138
1988 3274
1742 4803
745 3937
104 3192
48 209
2872 2895
518 1313
1838 3324
4229 4438
1180 1993
605 3557
1029 1377
4039 4831
425 4490
1954 4396
2122 3230
1292 3015
433 435
142 1732
793 850
3260 4269
742 3488
1490 3965
1776 4026
2094 3761
2707 2877
1847 4192
3321 3792
1996 3335
3835 4076
1881 3321
2585 2894
966 1633
2395 4653
1508 3640
667 4871
2372 4375
2439 3985
323 2126
13 4704
4519 4555
658 3678
734 1374
1313 4212
2216 3629
53 2564
1365 2145
2430 3129
2810 4418
713 2761
2090 4138
1140 1289
2186 4693
683 3105
2351 4326
250 455
1048 2763
2424 4522
2557 2967
3461 3786
2826 3696
198 4593
177 1761
1551 2393
1369 3627
1830 2306
1175 2278
2537 3590
1117 3640
816 1314
261 888
2995 3325
2723 4017
4208 4430
2023 2941
573 580
2744 3550
235 4366
1624 4813
2644 3952
2229 4346
3199 3979
3074 3917
2705 4457
2391 4090
4009 4190
1197 1495
385 4379
3213 3934
64 1301
1012 1438
3636 4494
1595 1597
2591 4817
1626 2851
1154 2532
2518 4599
2740 3991
1030 1170
2010 3325
875 4398
2170 3055
2827 3351
2031 3043
930 4000
881 3695
1374 4211
1405 2585
1543 3704
374 2732
3212 3838
808 2171
3659 4663
4060 4686
2734 3239
3163 3491
1037 4079
510 4849
4354 4401
777 2549
3385 3676
35 4860
1356 4867
858 3562
39 2078
655 1004
1118 4974
319 2661
3471 4061
1031 4386
1898 4699
125 2655
1504 2925
2516 2588
77 1132
1513 3689
4211 4438
563 3800
561 2159
2458 3875
3125 4620
3131 3398
1631 2214
2030 4683
1346 1609
2724 4365
62 827
1844 2624
1055 2956
218 1893
4156 4349
2400 3102
2112 2420
1520 2757
3981 4358
2828 3474
2690 3255
530 3005
279 3916
605 2926
1543 2865
1323 2275
3331 3754
755 1472
625 4811
699 2724
185 3168
1286 3564
801 1528
224 4466
1691 2453
839 4741
550 4705
674 1648
1671 1859
2396 2716
2377 3847
90 549
491 1712
3152 4607
2509 3858
904 2902
2720 3122
2836 3713
1450 1485
2159 4790
425 1573
1137 4267
1693 2609
2121 2267
1665 2151
1164 2433
2960 3886
270 2079
678 791
3810 4553
3543 4290
747 3536
4509 4965
261 1997
1279 4864
1352 1832
3863 4230
3386 4186
233 1858
830 2461
1600 3867
3329 3742
3867 4652
3342 4559
1950 4714
149 4535
672 3156
937 2964
3793 4905
1597 2394
200 3301
338 3088
350 2191
3182 4956
3751 4225
1076 2280
898 3862
2759 4218
353 2203
3404 4855
381 759
1826 4601
670 755
3551 3778
3109 3947
1056 1586
559 750
293 1505
3381 4687
242 652
511 2782
295 4649
2117 3370
1792 2014
134 446
1653 3495
356 3015
945 3932
557 2720
4102 4846
2695 4593
476 851
529 3855
1936 3706
1112 3565
3686 4968
1025 4967
2020 4084
669 1375
1639 2567
3101 3514
830 3117
4266 4471
2845 4590
1909 4966
2134 2229
257 2873
590 1758
4333 4747
68 4213
3044 3568
1206 2362
3452 4981
4544 4688
99 2978
238 1387
1811 2751
453 4967
1626 3238
2913 4452
198 774
1762 3228
3535 4932
1026 2229
1153 3505
833 4610
1599 3363
1813 4697
266 1065
2167 2412
1316 2850
709 3729
711 1146
950 3567
2879 4158
2050 4160
495 1308
847 3516
2208 4317
2972 3511
3544 4900
318 849
1011 2596
2874 3898
1700 3467
1467 1560
1398 1512
3497 4209
2494 4567
2503 4149
1685 2959
2459 3241
2508 2553
4297 4724
1552 4417
968 3977
1027 4563
4705 4919
535 2491
3006 4927
1923 4287
4291 4915
1755 2650
528 900
2932 3475
2569 4933
3585 4390
4395 4671
2238 4914
60 1522
3265 4339
1441 2214
3955 4413
430 1381
1001 3690
12 366
2336 2943
1052 1173
2519 4905
1575 4556
2716 3549
77 1215
1870 2481
263 506
405 1304
2382 4251
762 1460
1629 2783
326 3484
3669 4025
2003 3529
2092 3322
415 658
701 1419
3441 3494
487 2531
624 3202
2408 2750
290 3156
1516 3486
562 4041
170 509
580 996
1329 2878
2955 3811
2778 4706
2106 3127
154 1282
1781 3816
1847 2047
786 4552
2612 4770
2174 2940
2159 4798
3202 3632
3358 3775
89 1387
3007 3522
814 2909
3534 3692
1 831
274 4414
771 4661
2387 4796
4444 4951
232 685
961 1013
397 4704
3285 4373
3902 4853
3611 3689
3857 4384
2239 4535
1303 3520
2909 4529
2743 4080
2172 3381
515 1189
1902 2919
463 2611
1773 3624
3097 3182
2870 4427
268 974
1016 3278
2256 2287
2847 3118
1310 4335
2032 4317
1989 2093
2056 2510
350 1436
1713 2857
636 2542
188 4863
2016 3531
1209 4625
92 2344
152 630
3787 4838
2018 4695
2305 3681
1001 3780
1020 1138
750 1152
2405 4333
1785 4892
2121 3228
2365 4241
3295 3444
776 2161
2861 3598
909 4145
864 1291
339 896
586 3870
2991 3860
1054 1915
416 2307
1696 2770
2095 2113
2289 2935
1120 2367
1103 2366
2357 4999
55 1544
3109 4557
1448 4994
729 4240
106 3023
358 607
2017 3340
1107 3671
4335 4849
4282 4925
690 3789
16 3175
3292 3345
2526 3965
3103 3242
2494 3484
2933 4703
2302 4447
2899 4455
1398 3477
1913 2350
1506 2520
2184 4996
241 1924
287 1515
303 4593
2463 3761
257 3038
653 2142
567 1773
584 644
1345 2093
3630 4842
1440 3823
1470 4288
288 712
1316 3364
3725 3944
2572 4458
3357 4081
12 3034
2118 4941
192 2063
4010 4808
527 3592
616 2251
523 4176
1773 2173
660 4713
2061 2252
395 782
60 1119
4147 4419
3780 4674
538 1989
1209 4365
2192 2631
159 343
242 4388
2550 3654
31 1243
449 1779
1051 4238
2296 3279
468 778
3471 3707
1583 3505
2185 3485
1270 2592
72 2942
722 3929
392 3602
2712 4980
2833 2983
4169 4722
1363 3943
1518 2209
2234 2264
484 3847
893 3082
1277 1963
490 2585
1199 3663
767 4847
989 2173
569 4806
25 513
3584 3859
99 4632
1003 2175
1152 3092
3916 4341
37 1681
579 2601
1066 4987
3959 4650
3846 4466
3733 4990
592 4731
638 2520
1461 1613
3056 4430
44 2492
421 2890
1547 4617
1992 2346
3452 4350
2349 4843
264 439
854 992
1605 4509
3317 3834
2296 3498
2296 4904
41 2356
1433 1479
2729 2831
908 3690
1615 3842
3063 3207
4529 4553
1200 1530
20 1111
2645 2716
213 402
949 2372
2088 2265
2986 4068
1316 3628
728 1669
300 3280
1591 1791
1452 4464
160 848
1001 4120
4458 4495
3514 4743
1695 3143
330 954
1287 3554
2066 3945
1005 2268
3513 4961
335 802
1491 4470
616 1312
3649 3713
2903 4962
603 4668
1122 2782
574 3517
3419 4254
2501 2713
3340 4197
308 4225
725 4613
627 1033
4748 4848
1517 3203
876 4382
2282 4962
285 3423
1039 1587
1291 2587
701 3888
1099 2302
274 3828
419 1616
417 3039
1487 4952
626 1353
691 2095
2007 2604
1259 2841
1123 1523
383 4736
459 817
597 4762
597 2241
2013 4021
2803 4769
1537 2979
411 4553
1272 4960
3001 4809
475 1116
1467 3701
493 4895
1091 2637
143 3789
1817 2019
1714 4685
1618 3744
2724 3697
511 4226
3271 3960
1499 2449
4054 4370
3085 4042
1212 2923
311 2670
633 3526
3414 4327
836 3246
2294 4445
7 3298
2087 3706
162 1256
40 1295
2153 3340
2488 4575
328 783
3108 3745
2717 3283
1425 1957
4328 4853
3214 4087
2762 3571
3261 4706
16 3093
351 3767
1352 4300
3986 4206
3029 4946
3009 3542
1647 4506
3980 4562
4229 4303
2651 4185
1224 4320
3676 4835
1684 4538
826 2902
2027 2552
4759 4945
356 1978
1783 4764
2811 3012
3013 3593
1273 2415
1673 4486
2536 4282
1490 3416
1520 4201
4690 4856
1663 1918
445 1829
2723 3651
1328 1838
308 4064
3226 4291
188 3714
4210 4345
1340 2393
2133 2560
1059 1845
3444 4898
1737 2240
2189 4938
107 360
512 3066
2785 3024
327 1225
2636 4195
2591 2628
1458 2309
4139 4324
3406 4244
579 1785
424 2001
1361 4534
75 429
562 2487
3367 3881
597 680
858 3049
1827 2160
1227 3838
738 2933
115 3648
965 3820
4684 4735
3765 4855
2157 3607
1017 4343
3018 4416
490 681
212 2676
1110 2564
1795 2422
4066 4099
249 1227
3487 4921
796 4353
2153 3254
1212 4402
549 3329
46 1487
2608 4701
685 770
889 4528
97 724
3563 4137
508 3201
1214 3669
706 4228
717 1886
638 4727
481 4514
192 379
198 601
2060 2110
2077 4628
1807 3637
966 1331
340 1353
83 1253
246 380
2862 3366
946 2697
245 901
741 2015
2686 4292
2638 4348
4609 4672
2053 2710
1929 3935
417 4238
885 1793
1892 4843
217 2123
4330 4869
346 1133
362 2731
818 4933
2392 3787
4439 4501
1839 3622
1384 4612
2044 4268
2778 4940
892 4398
2826 3928
1494 1722
2096 2453
252 4862
2627 4645
3540 3704
1674 4866
3580 4152
2236 4866
275 1287
1276 3580
2232 2699
1750 3806
2244 4732
501 556
1641 4212
12 887
930 3417
1739 4168
2251 4460
605 2598
314 1343
1241 4439
70 1788
2474 2628
3331 4875
2629 4979
554 4013
4344 4769
3528 4146
1897 2223
2891 3579
1197 3848
2019 4889
213 4564
591 1352
515 1112
1693 4941
3153 4671
2938 3993
1896 2371
1864 2020
1564 4899
385 4428
402 3583
1497 1872
812 993
2561 3168
4769 4903
517 4882
73 563
841 2898
1708 1940
261 1108
1486 3084
1340 3629
1 139
600 4080
1967 2431
129 4521
502 1320
1634 2290
4083 4682
4476 4798
2446 4735
1129 4050
869 3115
352 1647
1248 3066
176 3470
442 4884
3077 3771
1921 4944
4132 4279
2965 4565
2657 3843
4167 4263
2258 4696
570 2058
660 3391
478 2890
2421 3634
2803 4733
3440 3583
1692 2184
2420 3926
2102 4748
1226 1528
2074 2324
23 2281
1599 3329
2627 4797
3831 4591
2696 3956
935 2683
802 4752
931 3760
2023 2451
2676 3370
2471 3869
3767 4271
484 2465
86 4968
830 4170
1168 1600
307 390
1689 2832
2436 2849
1077 1356
1857 3289
2021 2253
1094 4523
3691 3913
319 444
1644 3371
1408 4128
2242 2733
916 1335
2582 4933
2928 4470
1331 2328
1406 2049
509 692
3498 4384
3263 4598
3245 3276
4071 4462
3935 4076
583 946
3730 4873
1063 2719
89 4862
57 1608
3731 4010
612 2917
184 1634
1716 4300
1371 3702
36 783
1020 1526
404 3699
486 3206
3844 4729
130 297
1498 2366
3806 4963
2530 3634
337 1050
1417 1952
3558 4421
4565 4824
4304 4983
1680 2959
391 1228
602 3664
1031 3992
1955 4174
209 2929
1115 3915
2219 4590
2947 4392
976 2839
1615 3837
364 1955
2794 2812
3169 4657
2692 4247
682 2546
1607 1680
2352 4087
407 2484
4711 4905
96 3952
255 531
3820 4601
3430 3788
1419 4783
537 3036
1506 4160
34 2443
35 2260
2455 3123
911 1678
766 3342
1283 1964
209 2913
3166 3567
2518 3582
1887 2769
36 409
1599 2492
952 3437
2942 3597
2065 2799
236 1563
2680 3784
2828 4872
911 965
1228 1900
2468 2855
1961 4477
280 1333
358 2886
2259 3238
1447 1798
878 3974
4367 4751
1183 2510
3568 4052
1121 3187
2376 3869
1855 2200
4373 4544
1852 4209
1236 1321
901 4986
296 1649
3763 4566
2633 3829
4448 4644
3246 4496
924 1229
3076 4154
2342 2449
26 622
560 1252
1838 2194
2157 3016
320 2478
1583 4911
683 1587
635 2090
473 1222
1892 4454
1161 4598
25 2252
2260 4280
2031 3081
651 1661
3028 4865
602 1420
3860 4243
1889 2691
2472 2610
3459 4616
618 4559
736 921
1648 4227
2628 4211
1643 3490
1302 4209
448 4738
2417 3419
2065 3080
1257 1935
2587 2870
2973 4425
2099 2766
31 1536
481 1999
218 870
757 4442
466 3458
3780 3901
167 4250
2533 4345
245 2330
295 3204
2304 4768
2327 3673
866 2563
515 2523
1433 1632
1756 1925
1630 2319
3158 4946
1782 2041
1296 4008
3293 4465
159 3949
357 706
201 4970
2855 3002
3107 3403
1100 3365
935 1317
1661 3231
1098 2378
688 2154
3336 4638
1042 2538
1032 2297
1706 1776
3889 4737
2049 2602
3410 4143
1995 4608
132 329
2679 3925
1056 1581
893 4786
1455 2327
231 1709
1251 4968
3903 4941
78 3263
197 4450
2669 2764
1258 3580
1528 4739
1015 3115
2075 2330
439 4462
1399 2775
777 3654
2004 3737
2318 4768
1598 4125
254 4714
768 3354
535 1283
247 4456
231 3739
2141 3264
639 4953
622 1502
2703 3623
900 1699
338 3732
418 2865
3045 4462
3375 4839
2939 4443
2899 3966
3348 4814
3812 4855
119 864
1006 4886
1834 4922
11 2955
349 851
1321 4602
1341 2193
2611 4055
2437 4006
685 3220
1016 2069
2965 3333
2430 3954
1083 2165
15 1369
2603 2885
3396 4315
1378 4522
3123 3901
95 4979
1118 2677
3577 4815
3558 3709
2254 4653
3183 3856
3390 3708
298 751
366 1188
98 3600
308 3734
3705 4862
2452 3247
252 542
2528 3853
1396 3913
2752 3750
3091 3425
219 2930
1312 4338
400 492
786 2224
436 1812
1922 2933
1414 3512
3709 4411
61 1267
1556 3896
951 2462
1319 1894
3876 4091
2946 3879
1391 4004
1962 3777
255 1941
2799 2982
2193 2331
1550 2881
646 1028
2994 4157
3836 4010
470 2057
1637 3071
259 1268
1600 2788
2701 3647
28 4184
1663 4776
1338 3646
1854 3307
2887 3614
2923 4763
1522 3315
3486 3657
2253 2993
1045 1683
2080 2922
331 4809
1097 2771
420 2718
1105 2789
469 1796
2819 4605
735 4048
1714 3619
2370 4179
1765 2409
81 928
1426 2199
1464 3424
3261 4988
2805 4826
1434 3510
1237 4638
783 4040
3145 4475
696 1679
1878 4065
2447 3147
3855 4189
1628 4836
2794 4404
1326 1895
2969 4937
2092 2864
2981 4784
3464 5000
877 1828
3832 4291
201 4023
2245 4498
2485 3134
1316 3427
1165 4560
4034 4171
2429 3441
1199 1990
3287 3309
1145 1646
1388 4296
1223 3011
3905 4329
504 3990
1456 3171
524 3306
24 1827
2088 4451
977 1468
1199 2064
720 1115
862 4322
898 1066
4689 4861
3657 4740
2886 2992
89 3924
1871 4408
1647 3598
438 1682
3958 4848
36 3419
2400 4958
767 2000
726 4420
890 2134
1883 2753
607 4558
96 1068
2212 3934
969 4133
2815 3423
3403 3738
327 3003
2120 3835
1171 4089
274 1568
616 3223
1279 4720
734 3415
2096 3648
827 4931
3306 3976
2005 2556
935 2593
2885 4500
4098 4913
1500 4428
3481 3708
3588 4681
1913 4161
1201 2476
60 135
612 1131
1226 4100
1888 4778
1027 3768
2620 3271
2138 3554
874 3641
305 1706
859 4678
1722 3866
482 4967
3964 4546
3250 4415
1435 2366
1997 4910
1089 2730
912 4926
967 3970
1208 2329
963 2390
76 1322
2060 2452
3377 3822
3194 3735
2575 4499
630 3587
1827 1893
3217 4510
350 1501
707 3703
3881 4370
2959 3186
4443 4604
2921 3954
2291 3478
819 4106
631 2215
1974 2621
1953 4784
2469 2909
132 2777
1299 2630
2292 3220
2434 2993
226 3453
570 1304
49 3273
1328 3284
1534 2466
2757 3350
1515 3085
428 3369
687 2646
1173 1315
1835 2642
224 2398
1213 1261
2740 3219
803 870
122 1850
952 4978
3073 4003
659 4547
1461 2295
3721 4649
981 3951
1172 1517
153 1446
4136 4636
1831 4302
1268 2791
464 3223
1181 1394
560 4833
1293 2339
1041 4374
699 3814
2743 3249
1644 3890
1273 2953
3633 3663
750 3149
1735 3980
1049 3796
3563 4643
143 2496
1565 2088
1062 4404
133 1134
1293 4464
810 4172
489 3876
3969 4850
2998 4706
1176 2326
1099 3685
2479 4901
1398 2128
773 3243
1043 2493
2904 2927
115 1445
1339 2851
304 3099
1006 1756
843 4996
755 3941
462 4138
3485 3960
3083 4388
256 1195
2337 3694
117 3850
2003 4016
4553 4755
3207 4333
1744 2941
2152 3615
2013 3668
1740 3757
3825 4340
157 3891
271 3371
4428 4998
2971 3004
2571 3063
1980 4371
2726 4103
2228 2988
2519 2975
2359 2902
463 3411
1307 3424
3400 3992
4795 4854
2323 4092
1369 3946
2385 2768
3617 4888
266 1125
4902 4962
1663 2113
2 2440
1566 4871
2210 4461
703 3450
1421 4403
1888 3300
1636 4883
4255 4437
984 4780
2296 3372
2197 3784
2231 4267
85 3842
2824 3521
3724 3781
2970 3397
289 352
4878 4989
3338 3984
1337 1656
3679 4299
3181 4819
1000 4223
3938 4987
2467 4515
3617 3626
552 755
1720 3566
2225 2735
2128 2340
2450 3274
1823 2665
3357 3547
574 2272
1496 2361
1589 3137
42 4472
1913 2365
1449 3923
3736 4564
3287 3551
3192 4954
3240 4886
437 1848
1516 2742
684 1649
2565 3362
2841 4673
3799 4276
1223 4655
3275 4668
4868 4880
398 4307
2466 3447
2821 3496
17 177
1612 3967
1318 4546
112 2179
1177 3057
1741 3179
2897 3997
171 4304
2089 2315
1875 3179
2108 4133
752 1483
497 3677
2406 3869
487 4677
1979 4166
4102 4561
202 1771
3857 4337
972 1058
1882 4774
700 3291
1361 4059
947 1092
2081 4456
822 4143
1092 2901
2273 2459
1263 1485
3165 4488
3049 3172
101 3978
294 1098
753 1443
321 2507
3361 4520
1216 2535
2273 3515
1305 2918
483 3560
2517 4860
857 1924
502 1571
2100 2109
3436 4569
195 2714
284 1586
2800 4931
3142 3639
187 4138
1514 2884
2482 3097
1113 2946
1563 3893
606 3814
2584 3617
1039 2632
1618 4916
2673 3221
957 2952
1334 1697
123 3583
458 2112
2029 2107
338 1931
902 3961
2690 3399
1155 1784
2024 3790
1881 2401
33 2855
1991 4251
301 577
414 3253
3000 3067
887 1943
2529 4916
1497 3310
545 1074
3662 4306
1205 3269
2250 2340
248 3024
1816 4181
2499 3905
2034 3031
1165 1741
2187 2389
1076 1401
252 282
148 1150
654 4271
661 1978
1905 3106
8 1317
2297 4785
434 3906
1458 3460
2619 4816
979 4349
32 4127
262 2781
1621 2203
2760 3872
2140 3821
3087 3959
3712 3874
945 1707
1535 1570
2867 4234
399 4140
3897 4278
1420 4828
1239 4600
2051 2080
355 2814
423 1018
3748 4165
918 3144
1862 1879
2578 2584
3272 3449
1172 2333
1631 4622
530 1579
391 3578
2820 4259
1236 2246
4061 4097
871 1029
1592 3223
903 3039
214 1030
36 632
611 3111
708 3374
285 873
2388 2889
4178 4626
591 1928
395 641
324 1918
1577 3129
1326 4662
1359 2774
276 1358
1789 3360
2086 2111
1405 4072
2368 2520
415 2779
2502 2973
844 863
4208 4633
1975 3383
1488 3868
3726 4430
3975 4205
2022 3721
255 3368
1075 1737
479 1324
3803 4681
1431 2889
38 578
1022 4985
2438 4248
2802 3588
