44 73
1 2 666562196 282870508
2 3 806644512 693292769
3 4 230247882 377903605
3 5 287870938 354809562
5 6 108937269 498125209
3 7 468208210 187577280
2 8 735027063 187577280
1 9 382524147 168318829
3 10 676550272 912136655
2 11 336672728 99986404
5 12 899141998 438089307
2 13 337801103 517600234
3 14 275011140 349813561
2 15 441997589 932057241
14 16 275996781 377636854
14 17 61537875 932057241
4 18 24672127 190011801
10 19 100792300 282870508
18 20 920670090 354809562
12 21 837257463 128962427
15 22 671869954 585253884
21 23 660506739 29189428
2 24 339370844 294025591
20 25 637864325 308883593
15 26 725762790 101539515
4 27 401737150 719835405
17 28 991849712 719835405
9 29 313405253 855462996
27 30 61880505 855345389
24 31 468947459 29189428
29 32 302184163 84459260
22 33 780746287 517600234
8 34 824519280 477367253
27 35 628789738 128962427
2 36 367739232 487600816
13 37 60285398 693292769
8 38 664614293 837784965
8 39 40070681 282870508
9 40 380148255 943411865
39 41 704159716 912136655
20 42 456093405 84459260
38 43 382221434 498125209
27 44 404996269 855462996
16 27 235756435 908829951
9 12 30512654 487600816
43 35 595817348 719835405
26 17 245087797 534296522
18 35 448694989 248393870
17 21 672997488 498125209
38 6 593760026 875093152
3 42 880321550 99986404
17 22 558827779 895022428
21 4 902643475 908829951
1 41 505243915 190011801
4 15 546126840 719835405
10 26 386473146 29189428
15 36 369032123 557631829
13 24 493134966 855345389
41 30 871274399 693292769
31 44 335215389 438089307
13 11 440812062 895022428
10 32 380568767 932057241
34 27 686245922 411442131
12 6 400284364 477367253
35 17 767421685 498125209
7 2 233133599 487600816
38 20 47935122 354809562
26 25 554690658 487600816
42 43 546278473 837784965
7 6 786597409 534296522
25 22 280723435 693292769
20 3 636430285 908965719
43 13 965199615 837784965