1000 5 295
2 267 1
2 451 3
1 682 5
2 471 2
3 823 824
2 831 3
3 746 747
2 280 5
2 53 4
2 179 2
1 919 1
2 12 2
2 249 4
2 974 5
3 355 356
1 74 1
1 920 5
2 465 2
1 760 2
2 276 2
2 789 5
1 239 5
1 89 5
2 598 1
3 182 183
3 168 169
2 306 5
3 662 663
2 211 2
3 945 946
3 468 469
2 518 2
1 279 5
3 47 48
3 674 675
2 936 5
2 670 1
3 866 867
3 385 386
3 794 795
2 37 5
2 464 4
2 152 2
2 923 5
2 770 4
2 672 3
3 236 237
1 13 5
3 636 637
1 256 2
2 525 2
2 702 2
3 736 737
2 576 3
1 530 3
2 119 4
1 678 2
2 105 1
2 176 4
3 488 489
3 946 947
2 146 5
2 470 5
1 772 5
2 44 3
2 983 2
3 948 949
3 761 762
2 298 4
1 274 3
3 528 529
1 597 4
2 876 1
3 423 424
3 789 790
2 850 4
3 276 277
1 71 2
2 649 3
3 373 374
2 212 3
3 270 271
2 204 4
1 5 5
3 605 606
2 812 2
3 460 461
2 55 3
1 677 4
2 761 2
3 956 957
1 589 5
3 59 60
2 639 2
2 96 1
3 430 431
3 741 742
2 371 1
1 931 4
3 707 708
1 59 4
2 683 3
3 296 297
2 990 2
3 625 626
3 392 393
2 608 5
1 832 1
1 283 5
2 955 1
2 339 2
3 163 164
1 321 5
2 738 4
3 89 90
2 236 3
3 256 257
1 862 1
3 847 848
1 167 4
2 609 1
3 388 389
3 905 906
2 992 5
3 199 200
2 769 4
2 316 3
2 778 1
2 635 4
2 216 1
3 868 869
3 831 832
2 215 5
3 333 334
3 31 32
1 535 3
1 486 2
3 305 306
2 913 1
2 601 3
1 988 5
1 620 1
2 535 1
2 185 2
3 537 538
3 407 408
3 856 857
1 756 5
2 88 5
1 667 1
2 449 2
3 648 649
3 303 304
2 160 4
3 141 142
3 159 160
2 723 2
2 695 5
2 392 2
2 582 1
1 643 1
2 604 1
2 494 3
3 80 81
2 301 1
3 110 111
1 44 1
3 807 808
3 186 187
2 231 2
2 320 2
2 831 4
2 351 3
2 958 4
1 35 2
1 649 4
3 777 778
1 800 5
2 539 3
1 188 3
2 746 1
1 2 3
2 539 5
3 95 96
1 175 3
1 9 1
3 484 485
2 449 4
2 560 4
2 859 4
2 134 2
1 439 4
3 527 528
2 812 5
3 453 454
1 906 1
2 213 4
2 880 1
2 234 2
2 31 3
2 871 4
1 821 2
2 837 1
2 453 2
2 523 3
2 368 1
2 38 5
2 368 4
3 734 735
3 840 841
2 377 3
2 461 3
2 611 5
2 211 4
1 81 1
3 220 221
2 412 1
3 512 513
2 302 5
2 293 4
3 155 156
2 146 2
2 887 4
2 639 1
2 191 1
1 705 5
1 356 3
3 820 821
2 988 4
1 259 1
2 289 4
3 594 595
2 204 1
2 305 3
2 452 3
1 257 1
2 405 1
2 96 5
1 403 3
3 565 566
3 631 632
2 220 4
2 793 3
2 308 5
2 24 1
3 993 994
2 251 3
1 373 4
2 909 1
3 688 689
2 130 5
2 571 1
2 373 2
3 893 894
3 694 695
2 616 2
3 712 713
1 423 5
2 463 4
1 176 4
2 687 2
3 341 342
1 87 2
2 370 4
2 565 2
2 607 3
1 122 3
2 728 4
1 904 5
2 835 2
1 34 5
2 259 5
3 644 645
1 294 4
2 53 1
1 852 5
3 410 411
2 4 4
2 392 4
2 488 5
2 366 1
1 186 3
2 403 3
2 649 1
3 57 58
1 513 1
1 882 1
3 577 578
2 136 2
3 982 983
2 866 3
3 147 148
2 550 3
2 88 1
3 503 504
