20000 10 995
1 4102 6
3 11446 11447
1 16920 6
2 7746 9
2 12998 1
1 14282 8
3 12144 12145
3 8571 8572
1 6311 6
3 9663 9664
2 13642 7
2 377 2
3 7694 7695
3 3350 3351
3 8732 8733
1 16144 10
2 15051 1
3 18069 18070
3 18612 18613
3 13309 13310
2 512 10
1 15252 5
2 11017 10
3 4134 4135
2 1422 10
3 12572 12573
2 481 3
1 9763 8
2 9111 3
1 2350 5
2 14962 4
3 14295 14296
2 2034 2
3 5712 5713
2 4230 10
2 9847 10
1 19568 10
2 4268 1
1 15959 10
3 7477 7478
3 17323 17324
2 17122 7
3 11389 11390
2 4337 8
2 2706 4
3 12378 12379
1 7929 6
2 17661 6
1 13536 6
2 5691 9
2 16994 7
1 4656 9
3 19564 19565
2 4645 3
2 11116 9
1 15698 1
2 15434 1
2 10202 8
2 14490 3
3 1299 1300
3 5876 5877
3 5044 5045
2 12763 2
3 18969 18970
2 9413 10
1 17621 7
1 15402 2
2 8817 6
1 13433 6
2 1265 1
3 17549 17550
1 9412 3
2 8614 8
3 633 634
1 18391 2
1 14323 3
2 12045 3
3 13799 13800
2 1739 9
3 5870 5871
2 2256 1
3 8385 8386
2 4631 4
2 14032 2
2 9698 8
2 13634 5
2 8633 5
2 4393 8
3 16609 16610
2 13814 2
3 7039 7040
2 5364 8
1 10196 5
3 13052 13053
3 10535 10536
3 9997 9998
2 5560 1
2 4606 4
2 18824 5
3 886 887
2 6235 1
2 10257 4
1 1541 4
2 15659 4
2 13787 2
2 3982 3
2 11119 8
2 2434 10
2 519 2
2 4184 7
2 17479 4
2 10680 6
3 11403 11404
3 11259 11260
2 6512 6
2 5691 10
3 8218 8219
2 5667 1
3 11227 11228
2 16158 5
3 19734 19735
3 14135 14136
3 12223 12224
2 16912 1
3 7709 7710
3 9338 9339
1 8371 10
3 327 328
3 12381 12382
3 18413 18414
2 11256 6
2 2115 4
1 19210 8
2 11191 2
3 6339 6340
3 215 216
1 6073 9
3 1225 1226
2 11897 3
3 15616 15617
2 18265 5
2 7299 7
2 12513 9
2 8954 1
1 10456 7
3 13718 13719
2 13888 4
2 17913 6
2 204 10
2 11784 6
2 10489 9
2 19968 10
3 16298 16299
2 9444 7
2 11660 7
2 14092 7
2 8579 4
1 1986 6
3 12974 12975
1 19826 6
2 6382 2
2 12668 9
3 4548 4549
3 17704 17705
3 3235 3236
1 12018 9
2 14104 4
2 1489 8
2 7893 10
2 4642 10
3 19211 19212
2 4256 1
1 18526 8
2 17935 1
2 8429 3
2 9535 8
3 5480 5481
2 5816 7
2 17425 7
2 11246 9
3 9605 9606
1 13613 8
3 683 684
2 7831 7
1 8504 5
2 17566 3
2 9576 3
1 12315 2
1 8676 1
3 3946 3947
3 14802 14803
2 19316 7
2 14698 2
2 7794 8
1 19797 5
2 7287 6
2 9179 3
2 18695 1
2 15844 1
2 3777 3
2 4699 4
2 4637 8
2 18909 4
3 17660 17661
2 13857 5
2 19107 2
2 16400 10
2 13309 3
3 98 99
1 6031 2
2 18493 4
2 19663 1
2 1395 5
3 4006 4007
3 12403 12404
2 2297 9
1 5658 10
1 17966 5
2 4843 9
2 15432 4
2 17539 5
2 12337 6
2 5028 8
2 5549 8
1 16130 3
3 19517 19518
2 947 5
3 16947 16948
3 18407 18408
3 2259 2260
1 17218 9
3 18398 18399
3 2246 2247
2 16925 4
2 18338 10
3 17313 17314
2 19122 5
3 16148 16149
3 13990 13991
1 7362 2
2 18449 9
3 8774 8775
3 17197 17198
1 17905 6
2 5257 7
1 8480 1
3 603 604
2 3254 10
1 16865 5
1 1673 6
1 17700 5
3 16807 16808
2 1036 2
2 12994 8
2 3706 9
3 893 894
2 4176 10
3 11968 11969
2 9927 10
2 6119 4
2 7225 10
1 5497 5
2 4823 9
2 5682 5
1 3309 8
2 4703 8
2 17347 8
2 18909 8
2 16936 6
2 9281 1
2 3953 1
2 16469 6
2 2536 3
2 12052 9
2 5713 1
2 9715 3
2 13368 9
1 10893 5
2 2858 2
2 4918 4
2 15360 5
1 6746 3
2 3125 9
2 3222 10
2 4505 3
3 508 509
3 1593 1594
2 96 2
3 2322 2323
2 275 10
1 4089 5
1 9039 7
2 9477 2
1 17067 5
1 4224 1
3 2462 2463
1 13588 10
1 11165 4
2 3882 1
3 15097 15098
2 15616 5
1 9956 1
2 9772 10
2 19413 4
2 12240 9
2 4052 9
1 19134 2
2 412 8
3 8695 8696
2 18157 6
3 18555 18556
2 6251 8
3 18572 18573
2 14462 6
1 14345 9
3 18955 18956
2 8858 10
1 15740 5
3 11993 11994
2 15951 3
2 1394 7
1 8126 6
3 10665 10666
2 9523 6
2 8193 1
3 2441 2442
2 9038 9
3 11915 11916
2 6635 3
3 9592 9593
1 17981 1
3 16989 16990
3 3373 3374
3 7618 7619
2 5767 1
1 19086 1
3 14673 14674
2 16012 10
2 4577 6
3 9283 9284
2 17609 10
3 7977 7978
1 15008 9
2 14253 7
2 306 5
2 11461 3
1 7543 1
2 10645 10
2 1436 8
2 16509 2
2 11661 5
2 114 7
2 12492 6
1 17323 5
2 15378 6
3 6841 6842
2 1699 10
1 177 3
1 18941 10
2 5688 2
1 17436 2
2 15080 5
2 18230 4
2 11571 2
2 7261 6
3 17065 17066
3 15049 15050
3 13966 13967
1 6020 6
3 18497 18498
2 19754 3
2 6966 4
2 5621 1
2 16687 8
2 14041 4
1 350 4
2 1541 5
3 12056 12057
1 11205 2
1 19832 5
3 5943 5944
2 4234 4
2 729 7
2 11862 2
2 7411 7
1 8842 7
2 7166 7
2 7201 3
2 5197 8
2 500 8
3 5916 5917
2 8548 8
1 9064 5
1 16819 3
2 3139 9
2 900 9
2 1496 3
2 5090 6
1 17573 10
2 11968 9
2 11277 10
3 13401 13402
2 10671 4
3 11741 11742
2 1661 3
2 12210 9
2 6932 1
2 5599 9
1 14065 7
1 2600 3
1 3029 7
3 16992 16993
1 294 2
2 8263 4
3 7778 7779
2 5521 3
1 5499 8
2 15225 5
3 19802 19803
2 9563 3
1 17240 3
1 1631 2
3 13844 13845
2 3748 3
2 18556 4
1 17113 6
3 3170 3171
2 8014 3
2 4653 2
1 7816 4
2 9475 8
2 13095 7
1 10564 3
3 14850 14851
2 7503 2
3 5539 5540
2 15358 7
2 8676 2
2 5355 8
1 1387 7
2 13050 3
2 13354 1
1 483 8
2 8592 1
3 14456 14457
2 3726 10
1 5289 9
2 18870 6
1 15135 9
2 1211 5
3 19174 19175
2 14036 4
2 11678 9
3 9635 9636
2 5477 5
3 2146 2147
2 15767 8
2 11023 4
3 4 5
1 11086 9
3 4022 4023
3 15507 15508
2 17518 2
2 19787 3
2 16889 6
1 7223 2
2 5876 1
2 12736 5
3 9587 9588
2 7145 5
2 7664 1
2 7315 3
3 2596 2597
2 1606 10
2 16293 3
3 11620 11621
2 11777 5
2 9008 4
2 18457 4
1 13391 3
1 10903 5
2 6106 3
2 13688 8
2 17050 6
3 13307 13308
1 5606 2
3 10604 10605
2 324 8
2 10574 4
2 633 3
2 8050 3
1 889 4
3 18951 18952
2 13465 9
1 3492 1
2 15591 7
2 10406 5
2 10247 9
3 5971 5972
1 5886 8
3 5026 5027
2 3527 9
3 16409 16410
2 13691 4
1 10650 2
2 8589 10
1 8274 1
2 12472 9
3 17167 17168
2 13726 9
2 6509 3
3 17202 17203
3 8000 8001
3 10257 10258
2 6605 9
3 17013 17014
1 13167 4
3 11119 11120
1 18190 2
2 19947 8
3 511 512
2 17078 8
2 8091 6
2 12142 10
1 13273 5
2 2212 7
3 17000 17001
1 7104 10
2 1386 10
3 19376 19377
3 11833 11834
3 10151 10152
3 3513 3514
2 8572 1
1 8601 10
2 84 7
3 7449 7450
1 1644 1
2 11916 4
3 3776 3777
2 5896 8
1 14354 5
2 6861 10
2 14299 8
2 19132 3
2 11972 3
1 12928 3
3 10796 10797
2 19766 1
1 1891 7
1 8557 5
2 13748 1
3 14325 14326
2 8104 1
2 16631 6
3 10683 10684
3 9494 9495
2 6772 8
2 11241 6
3 10302 10303
3 15750 15751
3 18191 18192
2 9875 1
3 13373 13374
3 13489 13490
3 4233 4234
3 6044 6045
1 1231 2
3 15321 15322
3 18265 18266
1 8956 10
3 11223 11224
2 18161 1
3 6652 6653
2 10022 10
1 433 1
1 5157 9
3 10333 10334
2 11150 7
1 18250 6
2 12769 9
2 6324 1
1 2154 10
2 839 7
2 399 5
2 5594 8
2 10010 9
2 8831 9
2 14572 3
3 16763 16764
1 18033 9
1 3083 10
2 15341 6
2 2835 5
3 12934 12935
2 14789 10
3 1786 1787
1 9558 1
1 16739 3
2 3515 5
2 6479 8
2 8485 1
1 12646 4
3 16890 16891
3 16454 16455
3 9199 9200
3 5329 5330
2 984 2
2 10887 4
3 1000 1001
3 5053 5054
3 6663 6664
3 10388 10389
2 17718 2
3 12907 12908
3 9309 9310
1 11883 3
3 2122 2123
3 1612 1613
3 13042 13043
2 18131 9
3 5496 5497
2 5676 6
1 7455 3
2 5796 1
1 19097 7
2 12153 7
2 5523 1
2 10995 10
3 19384 19385
3 13881 13882
2 6732 10
2 3955 4
1 17611 9
1 13704 10
2 13910 10
2 3402 7
2 8038 2
2 268 7
2 15001 9
1 16595 7
2 18434 8
2 1484 3
1 7665 1
2 5289 6
2 19822 2
1 5411 1
3 11336 11337
1 936 2
3 19210 19211
2 2619 4
3 3904 3905
2 17323 1
3 19194 19195
3 9502 9503
2 18454 9
1 5105 1
2 3916 8
2 6917 10
3 5114 5115
2 8606 8
2 19747 5
2 14485 10
1 16060 8
3 6816 6817
3 1497 1498
3 19149 19150
3 17807 17808
1 12248 5
2 9306 2
2 5331 5
2 18092 3
1 1491 3
2 8741 2
3 18203 18204
3 19650 19651
3 16933 16934
2 15871 3
3 2426 2427
3 4713 4714
3 6464 6465
2 3020 3
3 3586 3587
2 5426 6
2 6919 2
2 2007 8
2 7364 8
3 8335 8336
3 11490 11491
2 81 1
1 12606 4
1 4261 7
2 10095 8
1 16721 10
1 5915 9
1 9183 1
2 9140 6
3 5644 5645
3 15825 15826
1 4960 2
3 8382 8383
3 3147 3148
2 10927 7
1 9098 6
2 13089 3
3 14700 14701
2 18778 4
2 9733 2
2 17975 10
1 17799 4
1 2753 9
3 8621 8622
2 18226 9
1 15986 1
2 14936 7
2 3287 5
2 18393 1
3 17031 17032
1 19085 3
3 16733 16734
3 8371 8372
3 4144 4145
3 13774 13775
2 9387 9
1 503 4
3 13580 13581
3 4934 4935
2 19924 2
1 12001 2
1 16877 3
2 11278 5
2 14447 6
2 16376 8
2 17043 5
2 16860 4
2 3960 8
1 5827 2
1 17798 10
2 14041 10
2 16846 6
1 19571 5
2 12957 3
3 7856 7857
2 384 2
2 8771 4
2 1326 1
3 13856 13857
3 11782 11783
3 6032 6033
2 14845 8
1 18062 6
1 19350 10
2 16456 2
3 18740 18741
2 8186 1
1 2311 5
2 16965 7
2 10124 5
2 19916 5
2 8581 8
2 4663 1
2 12647 6
1 7296 9
3 6091 6092
2 18730 8
2 15073 9
1 16726 9
2 11436 4
1 19243 1
2 9557 8
2 2542 6
2 15004 10
1 3084 9
2 9112 10
2 8174 10
1 1359 6
1 17857 9
2 19848 8
1 17038 8
1 3434 9
2 7771 1
1 9343 3
3 16596 16597
1 14737 4
2 1394 8
1 12959 9
1 8104 4
2 12762 9
2 7098 10
2 11594 3
2 9481 7
3 40 41
2 9789 9
1 1581 9
1 9851 6
3 12018 12019
2 11280 8
3 12 13
1 18014 3
3 13179 13180
2 14617 9
2 3619 10
2 12094 8
2 18118 2
1 4207 7
2 13453 7
3 6103 6104
3 6869 6870
2 7466 2
2 3808 5
2 8433 1
3 1518 1519
3 2768 2769
2 13972 10
3 4873 4874
2 12034 3
3 9006 9007
1 12132 10
3 7922 7923
3 18264 18265
1 9413 8
2 2141 5
2 7932 10
3 11390 11391
2 8276 2
2 16539 1
1 18898 2
1 4344 10
2 11313 5
2 10318 10
2 1483 5
2 8025 5
1 5315 8
2 8737 8
3 973 974
2 2294 7
2 8221 7
2 8713 5
1 19973 9
2 12206 2
3 5908 5909
3 6376 6377
2 15714 6
2 666 3
2 15226 6
1 11223 6
2 7015 4
1 3728 6
3 7389 7390
1 5645 3
3 3175 3176
2 17651 3
1 12523 7
2 7937 6
3 12826 12827
3 13355 13356
2 4946 6
2 13665 9
1 7563 1
3 8023 8024
2 6486 9
3 10949 10950
1 17412 2
3 3013 3014
1 8085 2
3 6423 6424
2 19609 5
3 184 185
2 11872 6
3 15052 15053
1 3017 6
1 4405 2
3 5805 5806
2 2857 3
1 14970 10
2 12955 2
1 2520 6
1 6657 3
1 5228 3
3 13755 13756
2 4808 10
2 17856 5
2 17304 10
1 4618 5
2 6558 1
1 18697 9
2 5753 2
3 5562 5563
1 323 4
3 16089 16090
2 5337 4
2 12054 4
1 5880 9
3 15491 15492
1 6564 9
2 10992 9
2 18291 5
2 9857 9
1 14309 9
2 11177 6
3 985 986
2 14180 7
3 4011 4012
2 6933 4
3 14199 14200
2 14062 10
2 8883 4
1 10132 2
3 4176 4177
1 5717 2
3 13000 13001
2 2996 6
1 11317 1
2 11734 3
2 3505 5
2 13803 3
2 352 4
3 18975 18976
1 16170 8
3 19501 19502
2 16916 5
2 9283 9
2 14059 4
2 13300 2
2 3136 10
2 6552 7
1 5870 4
1 18401 9
1 12499 6
2 5388 2
2 8355 1
1 11641 1
2 13428 5
2 2036 6
1 18659 7
2 12045 1
1 3731 4
2 18506 4
2 11641 2
2 3978 2
1 16799 5
2 11566 2
3 3507 3508
2 8291 8
3 9343 9344
3 16072 16073
2 9259 8
3 14422 14423
1 11209 7
2 9289 9
1 2483 7
1 3255 10
2 6459 10
2 14289 6
2 11644 10
3 17363 17364
2 14616 9
2 6373 5
2 2087 9
1 8522 1
1 19402 4
2 18696 5
2 12378 5
3 2074 2075
2 13843 9
3 1111 1112
3 38 39
3 1471 1472
3 9864 9865
3 14176 14177
2 9948 4
2 16704 5
3 12649 12650
2 9678 6
2 3269 9
2 68 8
2 17643 8
2 15817 5
1 4273 1
2 15469 8
2 3957 3
2 2770 7
2 13842 9
2 702 4
2 16603 1
2 9366 9
2 9097 9
2 8062 9
2 12299 7
2 3913 6
2 10830 9
2 5773 6
1 8394 1
2 3742 8
1 17547 4
