1 100
PCPNNNPNCPZNNZCPZZPCCNZPPCNZNPZPPPCZPNCZPCNPCCZPZCNCZCNCNZPNCZCNPZPPNCNCZNPCNZNNZCPNCZNNNPZNZPCPPCC
100
1 11 1 34
1 70 1 64
1 1 1 82
1 95 1 96
1 42 1 85
1 27 1 18
1 87 1 48
1 59 1 9
1 30 1 26
1 22 1 58
1 43 1 72
1 33 1 29
1 89 1 60
1 99 1 89
1 55 1 24
1 18 1 9
1 26 1 54
1 57 1 18
1 30 1 37
1 68 1 33
1 57 1 52
1 64 1 70
1 57 1 48
1 84 1 46
1 55 1 91
1 19 1 9
1 64 1 93
1 74 1 91
1 43 1 20
1 31 1 58
1 60 1 97
1 30 1 56
1 47 1 81
1 9 1 30
1 99 1 71
1 78 1 29
1 21 1 97
1 9 1 92
1 67 1 57
1 35 1 16
1 60 1 79
1 5 1 54
1 55 1 97
1 28 1 97
1 15 1 58
1 55 1 52
1 95 1 99
1 96 1 36
1 89 1 15
1 84 1 68
1 42 1 76
1 49 1 16
1 91 1 84
1 79 1 81
1 29 1 78
1 47 1 39
1 51 1 13
1 15 1 9
1 41 1 89
1 55 1 16
1 61 1 23
1 68 1 2
1 99 1 34
1 68 1 52
1 46 1 98
1 60 1 89
1 44 1 36
1 5 1 37
1 80 1 11
1 72 1 66
1 25 1 6
1 74 1 7
1 71 1 79
1 55 1 30
1 67 1 72
1 58 1 10
1 81 1 37
1 85 1 73
1 48 1 66
1 11 1 18
1 65 1 80
1 40 1 76
1 17 1 79
1 8 1 7
1 29 1 10
1 60 1 47
1 31 1 70
1 41 1 64
1 58 1 16
1 98 1 96
1 53 1 38
1 75 1 66
1 69 1 17
1 69 1 9
1 98 1 84
1 82 1 3
1 16 1 30
1 96 1 78
1 32 1 17
1 92 1 43
