1000 1000
175 806
26 926
92 433
690 937
749 965
295 490
133 761
582 933
282 825
245 250
665 828
53 355
546 861
532 913
188 457
225 738
632 832
197 853
277 597
16 868
172 650
107 236
147 644
499 759
88 679
29 98
73 983
640 780
535 736
227 384
431 813
611 832
318 837
348 917
365 452
606 879
157 265
395 606
280 440
650 872
469 738
755 946
751 898
17 749
36 852
429 612
35 510
223 668
573 718
850 954
131 967
395 787
28 386
650 884
660 744
415 814
558 802
424 909
198 204
358 684
389 391
221 486
515 657
390 867
322 570
617 770
300 839
665 898
133 549
529 737
338 567
263 591
54 792
134 593
79 262
20 160
971 987
247 544
303 501
85 581
108 605
286 825
23 989
25 512
47 576
64 694
943 980
549 708
564 823
387 947
314 963
561 938
328 443
212 912
825 951
312 452
87 239
792 942
775 960
348 504
675 828
247 359
75 302
163 718
64 346
417 905
181 332
404 742
40 798
657 659
240 295
301 406
75 986
868 931
45 667
137 220
157 338
328 752
321 355
204 913
73 561
209 782
598 697
273 855
196 917
61 282
377 601
512 904
587 856
37 990
70 415
218 867
697 702
480 626
412 608
349 582
70 224
663 782
39 885
474 501
433 682
534 586
500 514
94 989
46 829
93 830
801 874
374 474
748 968
473 970
138 651
304 421
724 953
486 496
400 493
40 379
679 869
118 291
628 744
847 944
728 877
245 396
786 788
415 992
128 888
108 885
167 882
74 345
459 507
182 527
332 662
753 889
460 953
241 533
96 604
353 674
663 727
695 700
373 726
458 780
394 660
52 963
367 413
176 701
658 954
273 567
50 270
813 956
550 959
426 727
259 591
60 883
778 980
470 867
493 922
15 823
520 895
29 745
38 973
340 847
326 453
144 723
424 478
426 729
4 720
619 940
65 729
271 826
442 784
389 402
426 540
622 926
488 720
369 794
296 868
291 738
595 629
481 602
207 655
114 904
318 747
901 916
91 278
453 597
752 846
498 980
665 795
160 876
25 619
861 904
171 963
112 465
170 397
469 655
482 524
360 543
323 926
296 379
534 639
290 741
177 223
578 779
27 587
123 249
23 51
942 984
155 692
70 909
257 325
407 428
305 908
46 963
128 416
681 869
345 832
163 206
122 647
121 359
35 1000
10 85
233 621
285 691
251 754
18 169
28 723
139 684
356 760
52 440
614 664
575 917
558 907
380 722
625 869
734 908
12 484
350 408
383 709
128 989
451 914
888 897
166 728
100 198
436 608
34 171
4 405
450 949
76 568
551 856
757 922
573 640
826 878
398 716
92 390
69 347
214 551
158 576
363 443
138 193
13 138
583 591
279 875
14 486
164 411
586 738
816 974
274 807
352 505
627 802
551 970
104 837
531 932
608 830
126 598
596 820
127 717
27 774
25 495
422 992
115 760
92 300
168 927
424 581
112 318
204 809
661 693
631 970
6 702
50 704
698 770
306 785
417 774
279 663
140 930
304 859
149 888
52 702
291 683
808 903
156 639
440 642
586 1000
122 397
579 750
415 560
10 193
361 770
317 587
243 364
677 928
34 472
550 852
70 257
54 983
422 951
676 796
430 538
71 813
343 380
149 479
236 290
325 336
135 824
771 908
106 176
98 502
60 403
186 377
45 385
442 669
2 18
484 666
197 212
438 763
406 992
278 829
243 401
152 676
54 548
365 955
59 896
513 614
475 650
54 272
223 972
525 860
505 871
145 775
685 932
204 539
659 687
326 949
687 779
119 702
807 933
244 332
200 585
52 902
192 440
59 102
213 902
278 906
193 564
52 720
124 376
725 779
458 699
525 699
716 803
346 964
204 416
20 546
557 951
432 697
125 483
139 381
504 763
532 953
564 947
160 392
759 782
461 491
284 931
169 715
541 583
22 574
7 691
393 530
538 705
10 66
105 384
46 404
486 664
607 990
242 716
511 751
184 260
628 891
511 735
406 766
713 732
47 886
146 314
214 833
683 889
518 884
49 544
88 454
272 966
905 952
122 233
48 576
87 818
205 897
391 872
498 559
855 884
438 697
285 312
502 814
319 323
596 676
549 755
253 293
148 941
70 356
471 957
515 523
76 515
70 726
669 737
135 719
121 974
740 742
845 856
4 426
256 958
500 694
693 917
127 745
24 404
312 700
540 781
21 593
1 203
38 557
140 687
270 903
530 803
137 339
351 402
562 889
128 816
470 473
88 889
353 623
521 871
217 538
263 279
427 542
381 404
170 180
435 558
653 955
19 300
313 675
112 637
563 932
72 784
95 828
828 976
676 970
600 689
74 698
562 569
571 646
481 910
551 761
207 455
263 314
93 729
15 802
224 897
176 631
76 823
371 857
649 839
300 549
563 849
129 384
20 715
670 671
96 869
327 691
102 515
362 423
162 793
237 411
168 799
579 981
119 627
469 716
711 860
499 577
68 376
122 773
312 751
246 790
413 598
238 395
790 848
146 985
124 971
338 693
114 806
225 357
39 451
287 990
5 755
782 939
870 889
425 772
514 816
250 282
334 642
298 324
230 822
168 347
299 540
35 961
46 765
130 977
150 786
536 749
130 588
889 892
377 453
26 774
72 816
99 360
6 754
601 892
867 880
467 638
443 542
180 281
134 883
108 854
258 864
406 492
315 764
715 995
263 511
400 671
75 682
31 278
318 549
403 428
122 691
286 703
431 528
128 922
330 416
392 573
175 971
512 959
538 917
557 742
202 938
819 959
365 409
229 961
610 729
386 881
185 549
411 925
222 450
607 849
101 874
428 998
254 739
626 769
247 830
499 805
410 716
419 626
114 390
437 616
284 376
264 527
326 519
339 676
389 953
70 973
210 443
427 950
255 829
264 847
553 885
556 586
748 823
99 494
494 696
1 952
163 930
329 779
48 550
609 764
102 951
477 979
511 619
503 575
457 631
656 716
328 714
121 138
234 351
6 72
27 902
259 549
303 729
247 476
207 882
328 665
303 307
118 483
342 848
365 451
297 829
178 354
58 804
342 403
308 434
537 883
138 634
94 813
475 528
424 476
742 802
626 804
39 786
220 398
360 830
614 634
338 754
360 974
293 806
580 945
434 991
413 502
44 248
334 414
566 973
561 574
726 887
404 719
147 658
774 993
100 243
500 510
506 927
393 738
138 224
40 867
75 569
208 543
258 750
26 236
225 512
368 391
85 195
285 973
610 645
616 914
240 346
224 225
309 996
346 988
354 501
448 1000
92 368
107 528
395 407
322 987
49 762
462 520
20 486
472 771
506 914
573 876
141 532
28 90
366 860
104 709
907 918
865 908
611 988
45 822
131 345
755 907
553 644
98 854
332 704
238 244
831 859
766 979
116 385
906 991
94 135
309 420
277 828
178 350
388 768
716 987
230 509
131 615
78 539
618 738
6 179
133 564
107 656
48 223
541 842
169 313
143 969
32 872
208 243
29 214
777 984
437 456
725 841
668 898
26 88
431 906
266 471
354 495
452 890
124 245
641 980
318 534
38 469
441 995
704 812
270 525
159 322
282 748
375 613
676 768
160 821
489 965
589 897
485 490
968 987
293 929
297 525
66 404
198 609
540 799
374 539
560 907
200 587
291 648
337 433
417 912
445 860
165 699
276 695
34 667
168 219
151 665
304 843
877 906
118 229
167 368
10 483
284 714
51 382
108 290
853 876
714 931
380 458
241 418
192 801
535 995
532 849
107 204
666 792
172 778
385 546
430 861
52 82
8 977
388 545
266 384
51 402
560 779
962 998
639 800
371 901
512 680
56 224
18 129
300 690
161 446
727 847
458 595
543 737
730 794
127 844
232 962
642 901
176 966
175 488
484 704
34 924
375 754
246 801
790 876
360 466
711 799
905 912
151 539
229 794
260 854
831 840
109 481
889 970
98 951
323 505
305 975
151 237
7 516
15 730
65 995
247 262
467 991
931 944
315 619
43 160
473 999
336 940
338 525
535 937
613 772
745 887
237 922
469 994
634 817
163 728
137 162
823 940
905 917
300 340
608 754
485 805
223 360
73 717
146 662
481 490
523 963
94 893
101 233
311 658
466 702
483 486
526 799
356 843
631 901
204 467
80 650
783 824
382 882
24 608
819 968
252 701
176 739
592 917
244 675
626 881
361 501
54 127
680 818
279 683
293 894
60 404
503 752
650 870
9 469
513 565
306 753
368 500
196 374
830 890
791 851
617 810
529 992
99 781
591 601
224 833
229 545
212 389
267 490
18 423
527 841
130 691
500 552
587 631
339 533
137 967
256 593
186 893
164 680
165 272
170 570
780 796
484 521
534 827
79 571
281 857
297 942
357 378
104 970
595 706
268 408
28 453
227 558
383 982
594 777
661 804
116 266
359 895
323 836
100 780
593 691
30 659
419 778
76 223
197 348
498 826
193 544
13 635
312 657
303 967
83 871
30 873
565 586
305 894
691 882
110 297
587 899
146 962
147 525
402 814
686 895
705 865
140 460
164 388
428 924
130 251
170 196
490 671
