17937 4705
1720 6166
3889 11755
6916 10075
7635 13184
1601 8290
6461 16467
6056 6282
4788 16475
11237 14949
986 13153
6541 13269
1026 15869
9740 17871
1652 14690
6932 15687
5355 13206
2185 3019
4403 9169
2668 3364
15958 17523
10490 16431
16719 17244
9852 11520
2860 3074
4314 5371
11002 16279
5513 14469
13051 14724
892 12975
546 10010
2548 9131
8609 15386
3785 5120
9615 16857
8722 13607
10085 11613
1769 3533
6062 15460
2393 4296
7193 9209
4948 8607
3588 15361
11274 14531
4218 10034
663 1424
3125 14952
166 13505
10664 12628
1949 2894
5304 15016
3517 8757
2284 4033
269 5201
3754 7813
840 3203
11732 12093
1017 9903
9511 16210
851 1469
6385 16609
8560 10921
8335 9611
6804 11317
13409 15273
750 7971
3740 17266
10497 17731
6870 9083
9234 10256
2479 16927
4538 4823
4618 8631
7069 17431
666 6828
557 9713
279 4421
3441 10849
1804 11391
865 9843
4834 6906
8814 15591
1211 13543
10947 12363
1134 1999
9191 12949
2935 17884
2298 8747
10242 12286
8032 13731
6578 9830
15758 17745
4148 8070
15569 17367
7841 7969
7269 13970
530 1969
1489 7235
12932 16964
2584 12841
5129 12053
6501 14929
7032 8531
1230 13733
16206 17178
883 8348
838 7492
841 2388
9873 13203
11016 12095
12914 13136
3374 3970
6363 16414
2998 14354
13355 16843
35 16451
1334 5098
8476 9427
3192 5867
3650 6745
5731 7350
12433 14314
4276 11273
9036 10048
1250 9634
1494 8568
11457 11474
1958 5778
6504 17691
5226 9436
10695 14614
10045 11450
12682 13927
15498 17102
12452 17588
463 15891
10869 16412
2791 6010
2012 16861
11851 15695
3378 5949
8266 12808
100 816
4074 16297
8417 9962
7113 14068
9112 10260
11 5369
408 1034
2436 17151
3878 17207
95 5367
901 10170
1591 17659
14223 14591
1192 5915
4105 11634
12797 14490
10969 11826
15471 17724
3917 6740
14027 16951
6832 14432
2121 10941
4573 12136
4140 11709
2632 14208
7354 16477
2773 7557
7815 10058
4423 13846
1709 15723
6668 15924
16346 16897
12507 15529
6721 13083
6166 12282
13876 14114
2353 9907
6015 7755
13698 15904
3667 15327
7573 17649
9011 11213
1495 13894
873 2637
14509 15061
2136 6050
3245 11733
1401 4947
2141 2709
5402 9282
5367 11225
4504 13288
3811 9502
7726 13277
2867 5407
7447 16551
4854 10840
189 10521
8527 10016
10613 13883
7378 9839
11473 17084
7408 10363
3392 7861
10668 11134
11946 12703
262 10970
3305 3546
9188 12812
10547 13159
158 10476
3209 3910
2885 15345
2580 8032
9001 11031
2039 10688
4607 16228
2415 4817
1427 3392
9777 13006
6530 14479
9517 17279
6634 10585
4688 15903
6991 10454
3351 3513
12550 13737
2051 7381
1104 1392
5885 10692
11938 14287
4584 7029
1002 17004
339 5192
3423 15714
3243 7063
8634 10624
9533 15992
4517 15555
6787 12136
1088 3290
1046 3751
5415 5897
14230 14865
7371 11108
2776 4531
4603 15694
2055 16447
5246 6297
11384 11804
11506 17449
4077 13177
12989 17767
2650 11030
2791 12075
14824 17178
8429 15396
13898 16051
592 12508
6797 13939
5294 6590
11163 15017
13671 14057
2065 7961
6296 14654
13059 14807
2264 9346
9641 16921
1140 12264
12835 17919
497 17042
236 10281
4152 14947
10540 12688
11813 13012
7927 7941
5813 10151
14621 16294
8424 9465
10753 17488
102 5592
7250 8375
5146 10346
17 6426
12053 17791
11500 15826
8490 11866
4941 9861
11854 14227
12024 13054
6413 16147
250 13974
827 6229
6660 12188
4799 13233
2347 8541
1356 13617
96 8263
921 5972
180 11130
903 9435
927 14176
6609 17653
7704 10016
2700 14195
2640 12298
12525 17168
2885 14090
5438 10345
7554 9823
6235 10775
9662 17684
1938 15708
12549 12564
1360 17269
12937 15597
11287 16237
5828 17502
13663 17663
14526 15949
2891 17510
7283 12706
8573 12390
9146 16324
3434 12206
6495 14106
8874 12785
980 12749
2582 13909
5276 7787
2661 10606
1110 10222
4070 8439
871 13385
2316 17269
17702 17892
6675 10663
75 10965
237 9707
12191 16096
1672 7867
8347 15089
11239 14805
8478 9526
3247 11259
1177 16773
243 4829
5259 15462
9271 13068
4989 17035
15218 17924
10165 15341
9115 13341
4555 15227
626 13348
5373 12821
11973 16736
9551 16901
2705 6263
4611 9738
1713 15920
4251 15284
5885 5938
10363 16654
6021 7958
2655 16080
4702 12967
6907 11954
282 5540
6718 16438
2218 12952
6128 14595
2557 2601
4132 4835
10806 17172
3594 6531
13954 17890
1185 3000
4238 12488
2053 3620
11944 14183
834 17756
7002 12815
4083 16982
12537 13345
518 6136
5970 8897
1924 10347
7298 7705
3040 14417
235 7040
1050 8747
2410 10415
17243 17368
8051 10434
5839 14785
2241 14398
10496 14260
4565 17748
2471 6097
7886 10250
6894 10377
290 1603
7118 9687
4658 14675
154 6142
11972 14994
9911 12967
10707 16307
3407 5076
7775 11432
1580 3486
4903 13760
2199 15110
1910 7824
5788 8132
3612 8309
3512 14753
3061 15977
14947 15433
632 6198
3161 4645
373 4535
3257 12854
8272 14324
1215 15002
7436 14529
12783 12872
245 15076
571 17410
11707 15872
17212 17366
8765 9142
3211 3601
1244 10104
5113 15624
12635 17039
2305 9400
15403 15653
10546 13012
494 12147
10704 11909
604 13904
69 3633
869 17502
958 9318
6784 14595
1697 6508
3876 6221
9725 13448
3056 10917
7057 10177
3438 7500
3940 15790
3186 7277
4405 10536
9700 14400
3739 4162
4010 14523
11042 14451
1251 14077
2587 17667
9429 15011
11678 12237
12551 14931
1453 10727
10889 16363
14089 17446
7348 15518
5906 11338
3463 12713
11767 11802
1053 14369
1464 2327
7681 15538
3693 5281
6704 7223
17482 17650
1128 11276
4455 6501
9570 17656
5686 9851
2497 10794
5422 9356
648 5279
8124 9672
3431 13166
169 925
5008 6984
2960 9529
5769 17278
2418 7589
6602 11607
2607 14047
7492 10251
4054 8741
4422 7778
1739 8152
1732 16604
2097 8818
3682 9032
13542 14264
13857 17782
13985 15696
6949 8656
3024 8959
11526 17698
2555 2631
8895 16116
7784 11047
8109 16036
2095 6698
5450 14426
3974 13650
9002 14837
4948 11970
6855 8861
5167 14807
6531 10598
9955 10149
12960 16849
11209 12303
9177 16719
10782 14267
3493 17161
7106 7456
3124 4316
14779 16142
1777 7221
320 6477
1438 4618
4370 4407
15450 15533
5611 15552
9928 17917
3162 10673
12652 15601
9 11414
581 15492
11417 14950
8395 8519
7837 8074
10281 11306
8099 16992
1881 11832
9345 9938
4320 10999
364 4699
182 14838
2933 7566
12599 14973
11175 12610
14889 15511
14139 17047
395 1238
3922 16574
1492 15250
2427 9449
2193 12498
3561 11443
8242 14184
7906 10820
3419 6036
5568 12728
458 5847
13893 17349
4830 10137
12770 15167
3755 9348
5945 12363
8926 9179
13074 17587
3777 15355
5564 13911
9042 15924
586 16547
3881 12721
5826 16020
219 9283
5477 14584
3554 16611
16340 16342
6331 11519
1901 17893
11048 14429
1955 12051
222 6918
990 4658
13803 15796
5059 9405
4817 16340
11998 13174
154 8066
4417 6459
6965 14299
1853 5396
4110 16913
3520 11563
8105 16469
13357 15717
3084 8527
16800 17789
2450 14949
795 3164
6786 10995
935 14581
124 9486
9220 11489
3126 17325
8768 13855
7064 8947
580 13522
5055 7222
324 1503
2850 7635
2919 11991
9610 13586
6443 15741
9999 16904
7198 13654
4412 9333
5726 14623
11115 16074
3345 14070
9694 10697
2781 16505
2444 2929
2409 15034
10599 16511
4230 4890
12195 12277
1242 1614
1230 13002
14588 15003
6594 8002
4604 5157
2831 4276
16821 17729
3208 15593
6508 13018
5913 9519
1723 16804
1253 3563
3122 11977
11368 16891
11519 12264
4124 9715
1714 15681
11007 17817
502 1567
337 14009
868 5954
16562 17724
14804 17231
2448 4354
7672 8910
8407 15926
9403 17462
11509 12646
4261 6213
15749 17805
384 12180
4047 15937
9585 16844
1702 6510
1713 11800
7239 16602
793 10990
7562 11963
1051 11827
6472 12169
389 16876
3168 16134
692 7420
6593 15450
15629 16027
5886 15561
4593 7336
4700 4831
4131 5725
2785 16508
1154 14377
11649 14860
8261 10024
7200 15194
5741 12174
7570 14172
9445 14679
7131 14142
7562 14336
11228 13884
3486 3610
6981 7059
547 11695
2912 4068
14890 17037
7252 16167
3106 4126
4578 15801
6316 12449
17189 17394
5767 14098
2820 5258
1645 5143
10343 10650
7393 15552
8432 16706
6380 17381
3646 15373
13678 14297
1559 16713
4839 8304
2228 6426
7003 13769
2678 13700
303 7656
13504 16701
1386 16929
2837 3881
12404 13827
1333 1988
1466 9592
13817 17175
3975 17589
1586 14249
4482 9662
9467 15377
7361 8770
1889 9551
3658 11195
3763 16451
1226 1461
141 3856
4224 10936
5884 9963
2644 5286
4143 7686
10036 13962
4990 13507
2446 5419
7605 9187
1782 13919
2468 14257
134 4436
1446 15283
1785 10605
9318 13174
13426 16286
10963 13695
2384 14712
1693 7770
5969 8838
102 17518
5068 14407
1431 11260
3619 7715
7705 9389
5738 14406
355 15040
12308 16556
5524 6321
772 14146
3995 15070
12816 13974
3248 6267
4272 12568
15852 16555
11086 17518
450 16447
334 6623
6726 12296
2063 12506
7165 7895
3045 7977
482 13986
2348 16894
8961 16800
13588 16892
6864 9661
11268 16774
179 16180
14915 15027
1898 9647
12781 12975
990 2248
1791 17660
9289 11604
3399 8230
6451 10738
5002 5507
11317 14021
8899 9062
114 7112
14589 14694
1256 12491
2012 17371
524 1958
12795 16775
5021 17176
1811 4401
625 7124
4360 10750
8571 17737
7422 8492
3378 5066
2220 8951
6192 15073
2474 10074
6403 13760
7900 10113
1205 4952
4146 11673
7870 17446
13160 13163
2829 15631
1846 16281
12868 17399
1314 4214
118 13888
658 1085
287 9253
14085 17498
12634 16162
5792 10234
1048 5593
8227 10142
6260 8082
11824 13879
15301 16663
10202 14191
4898 11542
1767 14492
9732 12011
3634 12797
8958 14558
12610 13342
1917 13235
13240 15965
6225 9289
9710 12244
3724 4333
531 9728
8442 10930
6727 8248
14985 16227
1495 15588
297 8213
14721 15352
4610 7727
10750 17419
453 15047
116 4770
2999 10925
5123 10655
12767 14305
4974 11039
772 7912
5317 7084
3247 6432
3021 12727
5497 15537
8731 13088
4327 15072
10522 11251
10622 12046
4059 11537
1364 3898
2256 10069
10288 14218
8395 16281
3909 4173
1994 2434
9435 11234
14331 17807
12029 12364
7965 13157
7567 8469
13587 13968
332 10601
3702 6351
6290 15791
777 9401
9538 10214
6283 8129
3099 4252
9327 11112
10698 14204
2390 14606
4989 10546
6075 12544
4981 13500
8614 14338
3191 15385
11833 13447
8043 15238
5157 8916
1392 14010
15014 15942
13854 17237
1289 11077
12810 16954
13772 16211
3976 16827
10051 10812
10579 14023
144 4297
5384 17260
8275 9460
2810 13494
6512 10244
8926 12283
11903 16342
10955 12483
4909 8206
9265 15451
2263 3514
3282 11107
2257 3762
11817 17270
10474 15086
14739 16187
3029 17388
10217 12260
9440 13843
3069 10342
6889 16266
3353 11128
7773 13005
4741 5354
1295 8095
10085 16797
4575 7105
2431 8211
2845 13687
15078 16556
4281 6497
4841 13430
13437 15887
4132 16966
3733 6774
4610 13792
11245 14047
5081 10598
10516 14221
5329 9436
1292 11465
4625 6592
12167 15202
13019 14651
3263 11422
957 1819
367 11647
3299 11006
5119 5484
38 6697
13416 17765
12266 14716
6479 7200
7251 9106
8021 11709
10806 11334
15810 16552
7543 8138
12843 16809
499 5210
1222 2185
14255 17080
5612 10706
10154 10335
7255 13186
739 790
3479 5817
5019 14820
4904 6557
316 11573
4951 14800
7481 14899
1066 5169
1106 8171
4689 10987
4266 9808
2288 2403
14373 17884
22 4910
1064 5069
8001 11398
1986 17240
7903 8849
424 16206
5878 11353
5899 16685
4397 6170
6725 13432
3905 6050
5366 9929
6756 9128
1751 10715
11166 17017
785 4020
3019 8488
15628 16369
10514 11132
4087 17627
10191 11260
6249 14178
8728 11865
2485 17473
735 12630
3508 5335
11219 11696
2302 15316
6386 10267
9857 16894
7699 13195
14733 15074
5545 15886
11782 11997
5903 8665
14199 17486
12449 16845
6142 15571
6137 9687
2423 7535
12796 13836
6068 10896
4195 16682
7262 13447
6135 7112
11743 15432
5585 6847
9434 14016
12273 14452
7006 11376
5238 6321
3217 6632
15310 16591
4043 11684
2086 10253
4523 4695
2524 12303
875 2386
1532 3799
4563 15112
14252 14980
5091 10410
9781 11641
5354 10245
11999 13536
9816 13574
12828 15903
4349 5994
4974 14099
846 7568
3896 17362
7749 16500
9304 12649
16642 17841
10838 11270
6235 16508
11282 17270
9578 16907
7916 11909
3219 8015
5487 11099
9477 13671
7172 10301
13734 14968
4415 17578
8917 15470
7571 8727
3711 14309
16218 17593
1508 16079
2315 14935
7143 17153
14511 17790
9555 11012
11228 14307
1957 17089
4411 12241
424 4166
8312 9870
4003 4657
5065 14182
5110 12664
1667 3529
5006 12917
1602 2258
3594 6161
4790 17822
7431 14539
2423 16969
2079 3622
10104 11117
2325 16631
11143 16777
2098 11876
4294 12683
8920 11651
5887 9424
3725 4505
1131 6072
5276 8195
10032 15366
6954 14365
438 13832
981 12877
9463 16406
3135 3195
370 17719
9114 17605
16768 17635
5768 7766
8026 10703
2424 6314
3888 4694
4694 5703
5079 14433
1595 14127
11804 15965
2446 5686
783 1313
2784 3830
6253 10251
3560 17586
765 4594
5112 8076
6194 6734
2502 3497
9465 17912
359 5984
8439 17656
9517 13566
8904 17115
1043 17380
2320 4637
1219 6119
6988 9637
6044 12884
4809 11869
913 11178
10509 13645
2345 16541
3056 5476
2314 6073
13602 15016
2779 9304
325 16492
9232 17419
4414 6906
515 2977
7848 12981
182 3186
15201 17727
3629 7569
8138 10724
2289 14020
9523 11104
1167 11448
9130 9927
10944 11974
2370 5766
4167 17913
10375 12800
1008 3613
239 7741
5162 16854
4456 12789
8645 15438
12137 15906
10263 10514
9218 10334
10140 17066
5760 12448
3739 10305
6752 6763
8481 15640
4868 11597
12181 14462
5909 6844
9474 13064
32 6620
3340 16286
3389 16489
10407 16484
8756 14429
11827 15781
283 1479
277 2854
6517 8924
13652 17721
6355 9000
13569 14423
15600 16863
2724 9031
806 17479
624 4968
5783 13002
4440 11658
929 5002
8715 15218
3277 12899
10612 17736
3352 7075
5487 5872
7335 15571
3390 12830
9036 9619
383 5671
4919 15578
13926 14230
6315 8546
15738 16293
8797 15307
3973 5664
8673 15989
6861 7529
2823 6343
10628 16797
6519 7588
49 15646
3972 4218
16799 17772
17454 17936
2512 2635
1141 11101
5944 10610
9320 12203
5403 10663
2580 10759
11775 13712
10107 17860
8121 17675
4365 4724
1376 17060
5335 12736
8706 11476
11720 13508
3495 13321
4502 17285
4543 10297
16486 17588
7156 10525
11639 12002
9620 12744
732 14366
1785 8784
4201 14376
11231 11672
6829 7813
3147 7524
9534 14547
5707 15933
4366 15013
1165 1260
1658 3644
5494 15849
3210 10202
7326 14368
3703 9679
8070 10880
280 8622
2615 12024
1988 14243
2478 8951
8392 8701
1909 2603
7599 16125
876 8058
10895 13048
6383 9302
9363 12534
1872 17544
2011 2672
3563 6490
8881 15431
1104 3674
9139 11349
15166 17413
6247 13585
3327 17752
4993 8761
7282 15096
53 13050
3941 13070
12456 14270
16620 17628
6802 8446
3338 10571
7526 9110
2666 15478
1333 12753
6285 11905
11410 15533
13316 17311
14814 15412
9896 13264
8097 17574
1320 6743
1056 5061
9168 11324
12448 15620
15424 15723
1386 5105
6896 15313
11409 16066
10223 17078
6753 9153
1478 12247
1532 10148
9981 15362
6737 14866
8157 10015
3745 17254
12587 16959
10516 17823
5998 14185
4590 9766
2475 12853
11101 17659
1881 17171
2740 7632
269 10084
3984 16843
1509 6815
8077 13060
13835 17605
10883 12758
3875 15658
11199 13698
816 2463
3537 7941
6059 12311
2390 3384
13566 14522
5411 16440
4338 11784
4730 12499
16575 16958
8055 15340
1015 7810
3620 4007
1209 3123
10308 17076
2008 9718
5994 11618
3462 13483
6751 16953
1369 11172
7736 13757
2102 3027
1880 5929
3890 6505
14898 16125
11720 16914
9632 13047
7132 8987
9699 12595
7217 7583
4029 12201
31 7386
9308 9443
2774 11561
1348 9942
8668 17649
9491 14196
6654 9385
13102 14733
599 11043
2809 8100
11955 12924
2540 13372
6807 9345
6073 13416
2102 9080
3224 12131
6103 16250
6714 7834
6477 13353
15828 17494
7731 9300
4305 16091
7349 9209
7668 14353
6417 9996
869 13488
12120 17434
4327 6125
4764 9672
1244 12289
12612 12752
2511 11790
57 5019
10585 17932
11214 14989
1705 9203
1727 11304
9093 15861
818 5592
8461 12317
15322 16092
1088 3615
6817 11411
2694 12165
2525 5884
3376 16406
3249 15580
6548 13445
4279 6313
9668 15409
8792 12643
3799 15286
11080 15638
2788 10143
4395 16093
7110 13467
6829 7792
8707 15349
7722 11897
583 8661
7077 7409
891 8071
4928 8228
1482 13666
7412 9160
89 6130
2293 11161
1461 15296
1027 12319
6975 8036
6265 13318
11259 11459
17127 17193
12454 13077
5609 7245
1653 8335
2457 6059
14559 16193
5809 7131
14598 15030
4442 5107
1288 3891
1996 12129
2599 8019
5484 16472
4087 10542
2461 6665
7944 13829
321 7393
892 4619
15176 15618
11762 15783
10105 15737
4311 17430
4635 4734
3834 12596
5353 11131
1200 9007
13117 17448
9560 17519
2631 8595
12825 17554
6402 15510
3955 9280
6406 14105
2300 7830
10763 17277
5921 15351
1791 2538
8449 12597
9162 11930
2250 4832
6454 10347
9348 13298
1624 2941
4502 6943
5437 15122
7086 12927
3041 16728
2073 16471
715 2749
6119 8392
6993 13356
1297 8271
3071 4616
9069 16829
2227 5584
6565 17101
1358 12240
17628 17920
10801 16233
2234 2312
6478 10775
3286 11100
13928 16511
1753 5149
7599 15537
8715 13672
2935 10267
10638 14799
11234 14044
11798 13971
1190 10534
12582 12989
11523 16363
13833 15332
8385 14466
10261 13288
3648 13674
9916 10406
8403 11291
201 15065
12747 13845
2570 10075
16449 17026
7372 8826
12296 12334
11467 17417
1243 6847
8094 12851
3743 11792
4334 14968
4277 13701
9978 10824
8380 13306
1007 4929
3991 13351
2730 9100
8618 11031
7488 16946
11190 16675
5330 7255
4151 12266
968 16446
14070 14530
3781 4021
2939 17069
4161 16412
10339 14335
2550 3136
3477 14523
6529 10673
2946 13358
8082 11444
15652 15707
1330 3703
4314 14487
13609 14347
3274 10238
9589 10214
2887 12530
1412 3093
1313 5738
13355 14962
8294 12915
10561 10846
10981 12908
5498 14576
4952 7433
13672 14839
8078 8985
13849 15928
7995 10381
8629 13357
2943 14948
6129 6334
11757 13746
3181 14948
1925 2164
3348 15592
3904 16579
917 2257
6598 16786
2472 14846
5145 16870
685 15182
7482 15940
2375 16208
7529 16076
4328 14046
4645 6513
3061 10644
6198 7499
4627 5673
3748 5836
15082 15714
8511 11077
1955 8036
801 11487
15370 15814
8868 14646
160 14629
7292 8307
13038 17111
2709 15030
2112 12267
948 12498
7319 12680
5923 17370
1177 9630
3906 12476
9235 9368
1445 16659
7726 8555
8927 10286
3690 9807
2792 11479
7923 11257
6034 12549
1992 8415
734 14286
4642 9839
9487 13580
7764 13705
7706 9940
3805 7259
1213 14140
11380 15976
4461 8019
10056 14167
5137 5262
1263 4058
1867 15940
5962 15307
8066 14338
13105 16064
14587 15633
11602 17578
4870 6801
1178 17606
11578 15790
10647 15131
3750 15164
526 8021
4054 12591
10884 14241
2248 5239
11906 17464
1530 1960
11925 14622
1578 3682
1608 10383
13239 15931
8701 10471
7851 16323
11937 13584
11347 15237
6486 13481
4552 4569
11464 16917
3012 12463
3169 16951
8206 12408
4920 6296
2444 9834
819 2490
2327 17382
4992 17631
6907 11385
8211 13188
84 14895
6910 9426
8152 9327
5077 13110
10614 12639
8758 9276
5966 17464
11546 15957
3985 9972
2708 5720
8322 9308
12926 13704
7880 13864
7311 15045
2265 3495
6745 8446
14888 16459
3937 12125
6015 7077
7481 13676
9759 12611
13556 13633
2475 16422
6481 9367
9026 14924
4824 12357
1709 10664
12272 16623
1847 17790
1961 4853
895 16941
6982 9569
1659 10891
68 6099
8279 8893
2635 10501
7921 17334
7099 15202
8210 15417
2607 16716
8669 13582
978 9797
839 14936
11535 12134
6323 13201
2997 10786
10821 14691
13931 16567
3857 8678
10024 11339
3189 14899
12316 12700
1971 4540
1886 11579
556 14148
9232 15658
11022 17854
7847 13326
3909 17476
1243 17794
11212 14542
2096 14472
5943 9815
1835 8781
2350 2784
2846 8154
9166 17215
9940 12489
7401 12177
7628 8339
5338 5633
935 5755
10236 12878
1814 15339
3700 8289
3742 5748
6408 7205
4213 11286
12362 12414
1442 17055
3759 4116
7710 17105
492 4996
1884 3320
4058 17099
4566 5481
1886 2785
4031 15227
5780 10394
11930 15787
2481 2906
2355 8897
6434 7321
1794 4750
3675 16611
2261 13514
3263 16092
337 7707
2506 16724
6097 16472
3821 11326
7231 8401
5086 9144
5960 10562
3011 12629
10395 11954
3605 6006
2104 12671
3307 17064
14305 14818
13055 13092
6593 12667
10817 11368
387 13855
3072 15743
12265 12612
10747 17372
4500 15582
5822 11291
15223 16637
85 14004
501 11902
12865 17789
8928 14258
2077 6168
15484 15678
4360 5576
580 5252
9473 10646
12049 16349
3961 16481
322 6026
5993 13685
3377 14097
10811 13687
5417 6404
7754 17294
1167 3706
7192 8169
15667 16093
6887 16053
2538 13558
2186 10620
180 14952
2034 7592
1226 13500
8393 11761
8293 9334
12721 12926
11980 15505
2025 6068
15726 16666
4871 14815
7230 14023
16826 17327
10252 11880
8270 11257
4445 16997
7801 15754
7639 16560
8380 15043
11672 15190
996 4479
1223 2957
5381 7820
285 4042
5093 11360
2355 7216
2347 14254
12451 15087
11205 17039
10633 17351
4683 11799
5875 15084
11482 14988
13443 17555
3081 10311
1195 10711
609 11768
2047 5417
3788 12099
7275 16431
10654 16645
5159 5768
9939 16775
11370 16393
3158 14460
12228 17853
313 4406
2144 14474
8255 14857
888 15773
10008 17617
1945 6663
7617 15605
7477 15025
1063 9444
8117 14337
381 1804
3688 4140
1489 4523
14091 15241
3710 11660
6564 15142
3550 6476
8872 14589
11613 12241
3756 14236
16935 17610
6949 7993
13796 16154
2887 10809
7623 16390
3363 12091
13272 13280
12029 16067
976 13316
1664 8147
6622 17525
1515 2124
5413 10828
3227 6602
6438 15849
1995 15661
5079 12699
10958 15899
2769 6207
263 6845
5840 8271
12187 17082
11382 16652
8618 16445
11914 15926
6210 6958
665 13630
2004 2854
1358 10576
4091 15575
14588 16550
6388 12815
46 16484
16072 16827
1626 13072
13561 17017
8472 16360
2829 5195
4926 11341
355 12435
229 12142
2761 8247
10984 12245
118 17858
10754 10870
6814 16296
5086 9561
8491 9783
7489 17827
2875 5219
3195 16859
6950 10913
711 2396
5488 8481
11610 12262
7825 17278
4298 5627
1862 17132
2869 17160
4862 8167
11947 14054
4700 17420
13739 16062
4139 6009
7386 16976
2705 5797
6529 13607
6766 15069
11218 15400
8625 10107
13366 15548
4717 6042
5381 16469
3593 8890
9241 10364
2969 16118
1661 12838
9349 10628
6750 17026
10272 14496
562 2759
8519 15674
7531 11527
10030 15154
5256 17077
8711 12991
189 7268
10413 13702
15751 16365
1722 10637
536 16904
5883 12530
2196 3802
3609 7741
12811 14911
1477 8431
11687 13477
5865 10835
4844 11189
2046 6779
9555 14085
8260 15593
12725 15044
1431 6052
1488 5173
5067 9905
2001 9413
3259 6888
10020 12499
15520 15933
3461 13749
11789 14224
10470 16211
1741 13324
6456 9721
13407 14863
670 17926
98 17346
1840 15480
3257 12297
5329 6412
247 2875
4365 12770
1677 3935
2595 9954
1776 4765
6682 11745
9451 15589
379 16280
3711 6465
5974 11389
14039 17823
10698 15446
4148 14255
12543 17471
5820 6263
12859 16823
5792 7480
9887 10785
483 10930
932 5965
5956 6939
8008 13494
4128 7681
8792 10113
6644 9377
2910 12380
10976 13153
8881 12818
1420 11182
685 16956
15216 15784
7382 15547
14712 17128
3395 8779
3444 8955
9422 17099
6986 17226
1559 9667
5822 17134
4570 6673
4953 11868
8656 13817
3295 5631
7847 16021
9136 13250
2426 6055
9911 10784
2850 16534
226 10803
1770 11324
817 17149
1248 15004
10447 11462
2576 9083
4857 15809
38 1996
3622 13581
9807 15018
3380 16291
12589 14719
7213 14727
4048 17499
10186 11825
6722 11921
5396 7818
1438 13283
3236 3758
1941 16104
15433 16450
10659 11603
948 7930
8532 15417
16706 16954
5673 11384
8089 8393
6250 12278
8921 15973
13975 17593
1128 2802
4316 6784
13579 16100
2152 15858
4662 9458
3155 3742
6648 8227
8738 15215
10273 14943
7834 16419
234 5033
4178 7855
5646 10131
7064 15100
4918 15916
2132 4566
5909 17677
808 13462
953 17595
929 4576
7763 7787
1528 17664
9066 15071
8167 12894
1214 3884
4029 5053
1083 11338
12834 17229
8014 17216
11843 12573
7686 10168
9957 17833
3136 7950
13025 16571
14164 15847
3149 4250
4150 13285
1678 6273
12212 15221
4279 10158
5220 10791
8 8417
4716 14452
1353 2493
4347 9928
6540 10316
8906 10579
12937 16443
751 1563
3585 5724
6479 13551
1989 17339
1992 6512
15289 16462
4617 15901
2737 8463
1942 13327
4354 9639
8114 11992
3674 11085
10849 11670
8495 17394
4553 15340
12625 12854
5691 11339
4285 8055
2392 2496
2876 11860
5520 17933
6878 13023
263 9394
2232 12168
10384 12866
5515 13858
15278 15725
571 1227
6848 8537
8261 12902
10167 11052
4241 16599
4744 15409
2980 14231
114 14788
2449 10136
11441 14980
2821 10522
1311 4376
5095 11776
9437 14832
3670 5520
9640 16282
15320 15811
10667 13134
6605 16205
5164 8544
10149 14921
3941 10922
5245 11037
2807 16156
11862 13707
1196 10683
7097 10369
5320 17600
15054 15131
5358 9767
1420 13719
2074 13700
3887 8851
905 16316
11448 12185
334 10445
12913 15461
5549 13501
2009 6236
3309 9802
13713 14015
1045 15127
5294 6851
14856 16857
11950 16532
8212 12729
7074 15257
1528 8314
2 3276
11047 12736
6137 17019
16419 16707
6410 8752
1298 2908
6506 6998
912 13983
3226 17846
435 2512
2714 4355
8414 12235
3614 9827
5282 5920
829 3361
367 15367
6729 14028
16128 17733
2828 3579
4251 5346
1777 13397
10372 17705
8078 11910
10505 12962
682 12717
11741 12002
9925 17137
6287 13184
3910 14239
14701 15438
6515 7470
1446 1776
13686 14181
128 7656
697 6315
2408 14553
5607 12521
1891 15619
4642 13469
2693 12348
2900 17426
3633 16253
1492 1697
13545 17314
237 3478
5237 16668
6339 8821
11627 16452
2626 9203
8906 14169
8289 12936
9127 17100
1460 8026
2554 9907
6409 11897
16178 16278
4466 7727
3330 16903
7809 8424
8920 16460
11189 17441
4908 9516
650 12618
13919 16852
2886 16788
11482 17756
301 12821
7545 10946
3769 12246
13137 17356
2761 9594
7971 8102
4947 13115
8459 10700
11094 16369
8613 14864
8107 13431
3917 4374
7698 12587
12781 16475
6141 6892
2995 6274
6528 11591
6090 10863
1123 13704
2194 10895
10466 12748
14734 17563
6984 10413
2047 3968
6999 16223
12324 15532
1217 12528
7884 9320
5392 17895
7020 9642
4402 16591
8816 11013
1671 13216
5413 13206
6766 13892
8845 16964
3717 4158
1080 3219
5249 12389
6196 15793
5722 6743
104 5702
7630 8015
14097 16997
2603 6653
9446 9596
11354 17817
1747 9596
11136 13604
1074 8303
1142 10470
15059 15730
4826 15262
7575 8662
3948 9870
485 14756
2587 11886
3100 5576
14312 16620
4143 11817
6670 16338
1825 13177
435 9376
1656 10523
6701 13699
5410 13463
4871 8651
1270 6496
4442 6213
11095 14395
3878 5524
806 11401
1426 11747
8315 17058
3174 10043
13529 14784
6123 14914
3424 7965
9437 14715
11428 13356
10741 13064
5506 13978
4367 5506
7220 16227
10843 11660
2821 10504
10323 11278
1179 5702
9216 13560
1558 3970
548 5668
397 4625
3100 12506
11382 13300
8189 14462
5778 16141
6994 16988
8119 11731
7780 17532
2472 2743
4466 14659
8473 14450
820 17782
13397 14720
2428 6738
4300 15145
3702 10081
15890 16615
7372 15913
4647 6125
2582 11111
4504 15380
15646 16927
1796 5878
6449 16217
6020 12774
1223 9606
371 8633
945 17367
14432 14902
7950 11177
4736 12212
3597 10691
7944 12521
5756 14444
2490 6491
1037 14926
11668 12451
1938 3083
1531 9467
13352 15627
151 11336
2216 14552
913 8778
58 6780
12420 14486
14205 15628
1234 7371
14835 16496
2288 17375
8622 11684
4585 6224
9366 11295
9561 10629
9690 12468
4260 17878
113 7821
6390 16000
4908 9841
13675 17065
9182 17030
5761 12311
591 17497
2981 11486
8058 8802
5095 12835
3178 8818
5779 11126
6150 13734
6752 17063
441 8486
7071 15112
4904 10046
2666 14394
8052 17806
1603 5200
4743 8506
8738 16812
1920 12169
4532 8013
10020 17317
4983 13421
1981 16582
10645 12265
151 4834
2465 13894
10951 16327
7967 8890
2181 15538
5945 9914
9239 12863
1192 2364
8638 12939
2555 3707
190 15298
11861 17167
8707 15347
5944 16860
10610 13219
1861 10353
602 2910
6292 12033
5022 12804
3308 10942
7694 8184
2443 12924
9541 12532
12724 13492
10656 14208
4378 10926
8463 16460
6823 13688
1750 5030
195 15519
2036 17695
8637 12254
7544 17378
1604 5716
8054 13483
12318 17159
4604 13577
11142 14001
2126 11858
7640 15913
8464 13467
2159 11855
1700 8654
2348 15758
2878 6565
305 13791
7385 9305
2009 4156
2406 5901
11546 13648
10140 12091
8520 12918
6756 15507
6658 7968
9950 13071
8909 10170
15502 17359
2368 9219
3045 11230
130 17167
8039 15089
2941 4552
7567 14106
4696 7824
351 6085
10675 11022
8773 12267
12468 17424
3976 10120
2734 3261
13305 17650
13737 14212
3003 14370
877 17445
4455 7549
16470 16551
12388 13728
575 16751
8769 12512
3272 10602
8991 13763
274 17546
6134 7488
408 17827
9040 17552
2698 16358
6828 9891
11844 12518
8208 13034
13918 17052
3805 7432
4943 17183
13144 13628
12430 14662
9370 14244
6085 7215
7572 7587
2820 17607
15963 17416
15197 15203
4710 17117
6899 10112
10114 10583
6717 8384
620 9261
1428 10711
2424 7239
6424 7382
11939 13088
11460 14539
10832 14631
3295 7039
3718 4541
9372 15975
1421 10205
2780 9260
2656 8411
5849 13203
7321 12112
8406 10700
8635 16667
3952 17559
4542 14489
1710 16711
9342 15110
1453 16129
1926 5334
3146 5474
11894 14322
5123 6031
10523 11826
4437 12386
12523 15362
6388 7078
890 12491
1050 5780
7557 10843
3204 5905
13075 13187
13709 17192
1281 5059
227 15181
9718 17647
6919 14450
10509 11685
10654 17695
136 333
10812 15291
10054 11210
6675 13702
12143 13591
6014 7526
4777 17297
807 6944
4863 12165
1866 4702
8847 14511
6552 14828
10152 14368
7417 12597
14165 14448
10666 12429
6693 11381
5852 15724
8950 15711
9959 13482
6444 17254
8535 10429
5391 14028
3306 4853
13081 17229
14779 15050
9575 11656
1123 10776
635 10060
732 13300
10364 11231
15520 16737
5255 7807
2662 8989
2478 10992
2411 8708
837 9487
3116 5578
3450 6292
7886 16777
117 7861
8290 15478
1782 5891
590 2465
1330 1712
11715 14675
7013 8216
682 12119
12961 16946
5240 15028
6587 11058
5371 6713
1664 8579
12017 15023
10832 17563
6290 7728
12188 17032
6668 16027
4376 6023
9196 11374
20 6971
3460 4292
12624 13831
7578 17041
4992 7760
9828 14399
11621 16081
6322 8742
5246 8884
5983 10574
5082 7183
12906 16674
14016 14944
988 11041
3836 9224
629 15327
2008 4325
5183 5767
9759 14895
15163 16679
4966 17346
12539 15052
12903 14691
974 4348
3767 16132
2806 8932
4875 9192
2181 15374
1502 13052
14356 15106
3911 15115
2420 2481
5062 15263
11355 15894
1326 11052
695 2861
179 15223
1435 5308
1213 10796
5583 14500
8285 17846
4445 17758
871 15231
8911 16503
201 17317
8579 13089
15882 17454
11491 14009
3619 7198
4920 15211
7739 12470
4951 16494
5380 10496
3007 7736
6956 8768
17055 17573
1398 10586
7472 16374
631 17265
10853 12878
5569 7756
6473 12390
9193 13183
7242 12038
7056 7471
8117 8870
2930 6702
6720 14424
14864 15892
2898 10396
854 13366
2668 13086
9031 9655
15148 17015
8125 13763
2698 12414
13939 17808
3560 15743
3714 5015
4940 7227
9288 17388
3899 6711
5451 10807
5074 17004
5421 9183
17362 17366
2589 6632
4688 10555
9258 11044
1571 11354
12072 14491
12115 16006
4050 10045
1540 7450
11002 12764
8706 9631
4456 5422
6744 17359
5226 15076
3293 6351
3830 15357
8851 16071
5666 17810
14527 16114
16 11191
5377 8898
3380 13892
5631 11315
8543 15334
4870 9636
8229 9100
218 1796
7669 15044
6515 8248
1441 1666
9288 14944
5527 14101
4277 15923
2590 5960
4215 15316
4214 5748
8409 11565
3820 14538
2308 9604
3024 14318
6112 9456
6635 15183
4961 8272
6129 15721
2765 15640
3704 14045
10072 12873
3241 7323
2718 15036
15991 16885
4982 8586
2946 13568
6870 12015
8324 10566
6253 14377
5191 16076
6360 14771
8913 15008
9679 11451
10444 16537
9846 11072
8031 10897
4505 10703
413 5217
5230 10230
12325 16440
4185 15298
14205 16981
8073 10976
7610 15731
5450 11621
499 16778
6884 14645
2250 15789
4754 17140
3706 11707
4809 16532
7689 15158
1670 3612
2 1031
11914 16925
6587 11962
11854 17715
3345 9726
5846 8774
2814 4585
6958 12768
2891 15971
6509 10420
9005 14390
3937 11460
3905 6379
5775 8898
6708 11086
7306 16792
2154 6463
8749 10840
11732 13200
16552 16940
4372 10317
5691 12550
1524 3820
3382 6859
1861 4984
5011 12324
764 14631
10672 14075
101 7385
10244 11116
925 10674
3986 11017
11550 15687
7069 14853
4479 5466
7969 8090
6572 15143
11282 13445
6363 6854
345 16972
234 5463
13550 14817
5044 15025
461 11322
8858 12297
11263 15893
7170 9452
345 4872
1269 4846
4334 12624
5868 11751
267 5171
8257 15796
8569 9302
5797 8939
5676 12860
868 10171
4689 8823
15253 16645
10871 16687
4681 17600
6821 11800
8525 12635
1289 14250
5648 14720
4120 6153
2148 15627
11687 16763
13224 16348
4627 11510
6273 10737
24 14909
10018 10146
2098 13634
1542 16494
1586 3666
10407 12194
1541 11029
1421 16619
46 7306
12622 12959
700 11550
1517 14831
11331 15160
4863 8016
5430 14670
70 5161
2627 16865
1671 12395
9730 14613
11741 15696
15599 16966
3690 5215
1142 7309
6643 12628
7023 14551
7333 7758
10646 11765
10692 12524
7966 12000
5901 13348
3405 14434
4359 4648
6489 6628
1854 7106
89 13719
7574 11434
5815 9366
3250 4733
250 4522
12113 17190
4462 8560
8990 11597
1681 13534
7083 16042
1745 4112
2297 14788
16540 16876
41 7218
7370 7704
14921 15228
9840 17645
17788 17921
5662 12681
8904 16829
395 17439
12750 15824
11483 15700
13602 17788
6882 17372
14144 14861
9066 13332
3339 15504
1019 10621
4185 16462
9512 17751
16162 17214
9892 12984
10421 17034
10824 17128
2302 15412
6028 17319
8824 12335
1648 13234
5548 17360
4367 15106
4751 13969
15188 17523
1512 12564
156 10963
10399 17928
2711 4461
6375 17073
5006 13290
4457 16915
3069 7707
9112 11364
4324 9962
11850 16893
2148 12181
5283 16023
10794 13675
6069 10400
5147 6294
2220 10730
8372 16394
2509 8995
4134 11240
2826 17737
6713 9695
5149 17052
11795 12669
5552 15033
1780 12991
7097 16116
15286 16767
9716 10852
974 7697
4725 14325
11780 13878
1717 5497
8823 11903
2835 6140
12828 14673
1844 9957
2996 14260
156 17834
2286 7962
4943 13505
1593 10037
2915 6578
1824 13575
2630 12539
14996 17325
5077 14816
3043 17701
1866 6546
2237 9616
11345 16989
13814 15492
8717 14746
9689 15049
5716 10392
9967 10917
8514 12222
10693 11211
8458 9766
5191 12729
6623 13560
6280 16110
8109 15810
6186 11445
5795 8034
10335 11865
12056 13102
73 10362
6255 16152
692 10307
1178 3598
12179 13673
243 6062
3997 10331
9534 11315
6371 8780
12826 17921
3298 13824
6818 11820
7678 13427
5549 10825
1940 15938
7143 12017
7373 7905
2383 6373
674 11347
2360 4333
3229 9726
7697 9062
5452 13678
1295 4263
5448 14481
2500 12334
8804 10480
48 12758
7517 14659
1440 7059
8155 9632
11542 13015
7034 10089
6052 6178
1488 4846
12710 17006
14089 14545
12572 15787
10421 13543
550 7510
8830 14045
2473 13746
1058 5662
458 5048
7967 17848
5389 10270
11247 13843
7490 11522
2775 7744
1712 3080
265 1375
2153 17210
5647 10234
2211 9268
8637 12520
162 17752
3783 9712
11381 14953
7269 17762
9859 14401
16356 16814
8027 8608
6460 8459
2289 12083
655 8406
2429 14629
6282 12988
14911 17555
6619 14809
2205 12616
2894 6524
1454 5721
2859 12710
8207 13673
10116 15072
7651 12330
10138 13332
3187 6732
2154 11205
12124 17595
3044 7400
9293 12853
1445 6714
10148 12046
885 3854
8685 10544
1180 7624
4662 14575
15855 16141
13215 16316
5501 12761
6882 11974
6802 12510
1598 7901
15069 15678
3527 12972
3465 15786
171 7985
4594 6076
3666 8156
16631 17092
14324 16950
2826 11578
6758 8106
7694 12939
14673 15085
9695 13662
12719 16479
815 10116
6157 8331
15846 17237
11251 15972
2688 6774
1106 7315
4575 11020
10913 11042
7805 11089
5107 8935
13443 16098
2765 16793
13493 13696
9030 11680
12859 13502
4133 16387
4537 12965
879 3545
16609 17836
4759 6470
3748 5240
3314 6463
6816 17445
7519 17021
328 3957
2737 3052
1109 7380
9443 14446
9315 9832
719 8961
825 15489
11793 11902
4526 13481
5477 8348
3608 9518
1195 17922
8546 9550
817 6636
1633 8942
1422 6029
2770 17801
2040 9452
10259 17042
4230 4698
6880 9673
11071 11921
11419 14610
872 12812
2663 16897
917 17663
3203 17225
13051 13659
9795 14918
12811 17591
1440 4501
315 2996
12223 16279
12436 14923
8602 14981
1512 14366
11818 12618
11286 11456
12595 12596
10566 14273
12129 16924
262 16524
12461 13264
3388 3638
10114 16734
6140 15055
14889 15337
13745 16934
6233 14235
12084 16670
4125 12130
2197 17253
12115 12331
5242 13358
700 13920
8129 12013
2365 5650
12185 13732
4720 13407
5345 10459
2261 13439
9904 17550
11181 14852
11820 14018
3720 9834
4556 12280
2430 15135
5624 8209
4095 9071
16687 16873
2688 5214
2259 13023
2833 4939
7690 10925
3956 8350
10613 12420
5215 7915
5238 9311
9622 13962
97 14247
864 12101
8245 16456
5935 11431
3297 10699
8429 10540
1565 3208
12831 14248
4835 15208
10032 12685
9927 11274
7814 15597
16688 17014
3613 16536
3695 5542
4336 16499
5084 6045
12432 12733
2144 4836
16692 16828
6778 15573
13664 16182
16980 17747
5807 5974
412 5052
8864 17485
1510 1587
839 4823
3131 16377
7899 10924
3455 11386
6840 7817
8033 17533
3419 17213
803 7846
6135 14386
10906 12502
8266 8480
6199 11599
76 15369
10474 14100
397 481
1848 11483
10986 17933
2627 4715
2661 8212
10493 14415
5642 16632
11295 15377
8976 12065
2735 16061
5782 12370
3890 7909
4322 11113
11314 15693
11313 14570
2541 6514
14284 17498
2346 6895
1983 2469
6732 12151
5474 10411
1892 6209
3105 8964
9967 12047
5404 11869
961 14190
10747 11241
4978 8541
3201 17924
14341 16234
646 672
6408 17430
10072 15086
4919 8148
9145 11675
4398 13410
1641 1913
11287 11693
1483 6086
881 11686
11690 15747
16652 16841
17001 17580
4155 14835
11071 15235
6751 12474
2674 14336
6297 16315
16637 16734
3216 9311
5331 14884
15074 16585
11169 14195
6138 13656
4296 13958
2718 5299
6658 10128
11211 16388
11527 13893
2028 17077
8181 12357
10065 11335
7288 7548
6069 16684
436 7452
15200 17153
2722 16169
5722 11094
1351 11541
2463 2640
10197 10246
1551 4557
5782 10754
1372 9342
17620 17660
6608 12992
4173 12902
12483 16323
4301 16253
8127 8332
9453 14795
6009 15401
10921 15858
10510 13314
6236 7245
643 17168
3420 12229
15511 16802
10165 15892
4933 9945
3648 5415
11146 11489
3091 9051
9673 16716
6405 9953
14805 16085
10932 13563
3850 14880
2050 12614
13015 14099
1433 2934
3839 9983
319 10839
1107 1441
976 2142
7935 11786
6664 9925
6367 13227
135 12280
808 5752
10389 12260
3058 15447
9370 14479
3891 16789
4135 16174
3983 9059
5121 5922
8260 11694
602 3027
8386 9765
1263 2410
1716 5982
16243 16537
6653 9717
5480 6358
9387 12362
2722 9120
8309 16630
6736 10730
11787 12072
8094 12405
3319 16598
9792 14799
739 15814
1323 15435
6878 8012
787 2036
5407 11201
11987 16467
4332 12337
752 13828
2471 11515
5855 16445
3942 4184
3767 16259
3906 11127
668 3099
12373 12429
6284 8407
4792 11012
2488 6965
15509 16647
3316 8981
8051 15661
8049 10105
11220 17149
4496 14525
4829 17707
777 11939
1147 11451
1034 1546
2585 8838
9868 17872
2443 13472
9118 17721
10984 15403
5865 17274
13244 14909
1028 4613
2590 6489
3904 14499
978 16861
3003 3422
3317 5615
13188 17890
5053 8504
579 14261
5419 12009
3243 14258
4593 6697
4272 7754
5651 9972
2359 10338
123 15084
8828 17619
10192 11675
748 3995
2391 17047
1270 8308
3610 10982
1118 8672
1311 11783
2837 17244
6014 11551
11616 11656
4647 6566
9136 10549
9367 14934
5900 9994
8771 14789
17197 17441
1218 13968
2054 10897
599 13936
11574 17230
3089 11517
16318 17296
988 11780
3296 15379
14590 16481
2629 12932
7137 16366
7084 8833
4088 8291
4125 10270
1646 2536
10731 15351
547 5209
11278 13753
5486 11931
4982 13499
7107 17791
4415 16542
11360 11851
2268 6355
9694 14935
13640 13923
6779 16088
865 17137
2936 15721
6003 6367
4535 12935
10154 15838
8088 16000
2068 13944
4485 13662
2108 6910
1247 11608
5539 10256
14486 17439
1987 4918
8675 13574
3940 10642
305 1814
7542 13207
7955 9333
5125 15070
6442 11153
5049 7852
6595 12586
7365 15229
10630 15596
9666 17621
3875 5041
4718 14518
1433 3598
2710 8432
6798 12086
632 1661
4435 16225
5669 17193
10115 14698
8735 9828
11848 16960
3161 15978
7979 12052
482 12581
5342 8195
2693 6136
2792 9821
3738 6836
11245 15893
3715 6553
1000 1026
15184 16594
7690 10736
5952 9114
5118 10643
590 5707
6435 13588
3655 7288
6936 9922
6006 8631
9074 12981
3683 16960
5291 7038
2520 10724
3693 3935
8383 14865
1892 9690
4531 16692
5555 14510
1013 6657
4584 15939
6633 14171
413 7829
952 11991
5180 13478
9633 16347
6674 15580
2672 9105
4094 15870
302 10657
8312 10409
1031 5048
4766 8277
7661 16112
8661 12995
691 3777
9996 17000
12646 13999
6952 12432
8057 16486
8016 17678
3783 5958
2229 7801
15426 17776
1913 1952
4359 7193
11771 14029
2814 16085
575 11085
7453 12555
7789 13161
14463 17570
12474 16452
2209 15773
7404 15921
12470 15742
2285 16643
5011 17812
8114 10359
9729 17822
1077 10530
2173 6605
5860 10682
2315 17913
2735 12418
8022 11640
7820 10744
4212 10200
15257 16512
9376 11473
15264 17576
11899 17669
7284 10374
643 5137
3106 4715
62 6432
8353 12565
8171 14724
3644 4789
2841 8784
2743 8685
14139 17895
1975 5978
12093 12524
10726 11395
492 15468
7190 12206
2557 2878
2599 4495
5325 9912
3134 7312
7252 15556
1746 9808
14915 17497
2277 3654
10697 14267
3834 16619
3251 6630
2430 6291
12174 17739
672 12795
6517 15703
4503 12686
8098 14414
7533 8552
1876 5041
6830 11218
1164 12515
4487 16255
13578 16296
7259 9128
5333 11375
719 1948
3545 14240
1249 1641
1340 11665
5355 16053
1601 16084
4374 17794
1541 16710
4421 9548
696 3636
6898 15776
7825 15373
5461 15783
7260 13998
16252 17834
1518 14913
4088 17928
10302 13931
14549 17776
8702 16471
8418 12065
1353 8576
6134 7744
9000 13134
3178 9496
12887 14575
5647 17825
2812 5117
5812 12740
10562 17676
5108 6451
3974 5677
5283 9374
681 6077
8135 12194
1629 3109
2657 6934
6783 11465
1831 14093
6537 14606
12457 16751
1364 2403
7434 10858
3012 8644
776 4799
6418 14843
12764 13883
914 14234
3986 10676
9865 17214
1611 13739
16023 16880
11130 15068
2712 3680
15055 17158
1387 13105
6731 13231
1501 12418
463 9459
2550 7552
2391 10158
7263 10205
1099 16314
455 13492
1672 14989
6798 13998
12364 12829
4791 15778
5615 16442
9825 13201
11298 11414
2585 11177
6731 16213
660 10305
2499 3662
339 17333
3751 6124
7038 7987
9890 10657
11110 12953
13409 14831
8761 13943
2427 16643
4186 16555
6323 13351
789 12879
12214 16621
11855 12124
9486 10169
10469 12866
12844 13030
849 12109
7166 13089
132 8426
6818 8830
4068 4734
5 16574
2536 5192
524 17239
1451 5999
9063 10674
9188 15295
7826 14524
4118 9374
12370 14379
1801 9654
7931 10922
3310 7035
2458 4435
6931 14449
7621 15401
2253 14953
15473 15720
11 12464
5161 13664
5432 11813
9983 10704
10326 10555
4725 11055
11719 15750
4905 6975
1991 3262
7436 12134
8169 11662
802 14929
142 7473
1387 14093
10586 12410
1007 7539
4696 10200
7192 16314
30 17300
2117 7258
11355 12767
7154 14104
10536 16958
4394 6210
2614 13690
39 5730
5325 11445
3048 10847
4142 12133
12689 15291
13054 16088
5589 7365
1080 5195
620 7649
8182 13820
5726 6204
6730 7621
4830 6737
3159 17316
13328 14220
5315 7341
3033 8901
11476 12534
5693 14544
13732 16390
8245 8954
7033 10503
10471 16158
7500 15182
1444 4876
8845 9080
5925 11409
721 726
8942 16326
3570 5391
8652 9725
5646 14855
4916 10655
10635 14190
12636 13520
7103 15245
244 1205
14066 15096
8739 14434
7680 13813
2212 3916
7583 13841
7814 7896
8969 17922
12800 14117
14224 17370
13022 14718
897 9516
6219 12913
9106 11603
17092 17435
2311 3065
11336 12242
16892 17487
12140 12608
939 14100
9368 13140
3363 16019
7472 17330
4270 6549
1133 9914
2483 11207
1264 9961
5766 12056
5860 10316
2869 8833
3443 17680
9259 17736
11667 15920
2483 5343
6767 9572
1946 12805
12825 17449
7318 16686
3393 16299
3826 17343
13437 13759
3741 7079
6049 10362
5432 9118
7409 9855
10676 17917
8488 9025
4797 14038
5454 8562
3364 15986
6122 17230
11986 12908
6139 8986
2117 15263
3592 7420
3164 7935
729 1067
2360 15235
819 4652
2277 13213
8625 11844
10239 13550
5620 16798
3063 10571
6901 8924
1504 11320
8095 11007
13186 17000
1463 2365
3801 9699
436 818
1658 16818
7505 8756
2499 10348
3073 11127
9805 10782
2513 17184
3883 7499
2823 10744
16315 17860
16290 16358
205 17626
9951 14021
7871 15087
7800 13827
5353 16898
7240 11982
6991 13790
10497 17111
6225 10055
4355 11395
5134 17927
7723 11039
4035 6029
11196 16937
7282 14286
11417 15279
20 6528
4131 8710
7693 15028
4335 14507
8216 15887
2726 9451
5411 9191
7107 14241
8777 12142
10417 12119
8679 9537
6932 14236
1520 2370
7029 9824
16 8986
14914 15473
2974 16660
14261 17093
3368 10969
5139 11066
4399 17213
7536 10965
4740 13103
220 10854
4576 6851
6891 12083
1668 10805
8437 14392
2324 15208
3517 11186
11095 13157
5408 16161
11471 16312
5065 7553
1889 6646
4983 9089
10462 12338
4875 16832
2189 6762
4014 5498
8236 9449
130 5741
7561 12929
5938 6482
4300 10644
5711 15158
13259 16577
16221 17277
5472 10416
3763 5230
619 12242
1706 12689
10238 15234
1051 13838
15160 16057
6767 13337
13547 14423
10215 13925
3770 6709
5666 6424
1699 16925
11195 17175
829 5552
2228 10008
8548 14073
12561 13581
9434 14334
13052 15281
10080 11561
9756 16666
7352 8746
14887 17813
2917 5315
6690 8469
726 10557
9460 11097
5958 6573
7165 16900
9162 16468
7643 15708
3389 15012
11262 12681
9661 14587
3339 3416
10726 12392
4042 5583
13799 17422
4730 11447
1999 3942
7643 8496
6546 15356
9444 12394
1372 15544
4149 7821
801 4363
3655 5785
9879 12484
7025 17290
8630 13867
2828 13503
9354 13403
4886 10409
13644 15431
10285 17812
6130 14189
16029 16973
1493 5887
5835 12502
12867 13841
6440 7810
1407 8460
13685 16375
219 1822
7451 13582
5369 6504
8917 16136
3489 6089
5629 9093
1236 17702
3555 13455
8849 9513
181 14466
4274 15454
1860 3497
12254 16710
11185 16684
1901 13463
2282 5023
9422 9827
3575 13178
4619 8864
7081 7903
4016 17243
11767 17033
2883 13527
9985 15034
1210 3325
8189 17653
11511 16356
6622 17648
7287 15383
1825 16634
1210 13937
13109 16736
9042 10381
4412 15977
6409 6628
6232 14908
1960 13280
7927 11860
6413 10171
4091 6775
2923 5841
7915 10633
7260 16656
8855 17902
6999 10870
9048 11760
9508 15163
15017 16096
15098 16801
1871 14902
85 16062
6568 10342
10960 11386
11944 14858
1001 9176
4490 13683
5302 13419
649 17851
1864 12253
6771 14533
8008 12009
8143 8932
1987 16994
3990 11839
2812 5112
6794 13487
4767 6750
1908 5572
9738 15566
2287 10792
3361 4079
4941 15345
5611 11963
9716 12706
8366 13327
10624 14148
5348 17438
420 10040
5105 10606
1249 7987
8611 16655
10395 11671
1596 4956
6553 17930
7506 17510
13261 17927
320 11025
8919 10739
8181 9700
10146 10549
5796 9743
11610 17676
815 15101
5243 16403
805 17140
6662 12328
2282 3491
9685 11602
16394 17774
553 6981
10837 12360
9016 10014
81 8247
16351 17833
10380 15441
2196 4759
6248 9179
8531 14505
1140 1714
2556 15957
3147 9598
15285 15737
1308 5720
4127 11398
6739 6899
2412 6843
3745 16534
4680 12240
1544 8236
2482 8135
10734 13755
13943 14978
7773 9446
3189 5572
11089 15144
15788 17342
2678 4743
6092 17074
5852 8184
6789 11776
8862 14239
6375 8862
2863 13879
1058 4472
8440 17516
6482 9427
484 14993
1682 2291
1172 9267
16218 17751
2385 9268
264 8480
6860 12107
3824 11180
10078 16016
2249 7920
7237 11413
5762 7160
3559 6209
7848 10317
9279 14185
2210 13575
4113 12840
2802 16259
6241 17535
2183 9659
626 10314
2990 16378
4720 7835
2552 7953
10653 14237
3058 9506
9966 15629
5018 7818
4267 16280
1147 17420
434 665
3181 3688
2189 4063
10503 17465
13185 14705
2938 9735
5015 6874
562 14826
1808 14344
3828 4083
7274 15164
7110 12962
10533 17580
14060 17190
514 3177
3584 15440
5783 12880
399 10881
12867 17668
9823 15132
13579 14082
9148 13395
4673 13285
11760 13072
16044 17053
821 2775
1807 5557
457 4485
6647 12457
8105 16361
1556 17442
1401 11608
4637 4996
12868 13477
10260 12552
4910 10784
10403 10839
10209 12131
2474 16153
1355 11592
4629 8351
15297 17279
4994 8127
2610 17393
761 6101
12637 14670
2645 4291
8246 8639
7537 12789
6045 14892
1778 16982
12431 14365
10454 14039
1518 14105
10970 16353
2118 17723
3002 4133
8887 10438
5220 5796
92 675
16657 17508
2300 13212
6106 9509
10573 10869
4726 7224
6331 6698
2170 11136
702 15963
8551 12503
5602 15451
7678 8979
2991 6586
4184 17878
6212 13273
2265 3603
1547 5515
2919 9287
39 8054
7223 16433
2395 5201
3448 7961
3017 13926
7565 17290
6979 7900
7078 12246
4797 10987
5099 12133
674 6708
16232 16599
5812 8083
35 16503
4939 10635
2025 11611
3115 16992
135 10578
1571 2420
11020 16312
1875 12581
1593 17558
7470 12588
733 4299
5343 15793
10262 10389
6161 7565
4063 13120
10403 12306
12452 15122
12197 14852
12961 13239
3836 8002
8789 15137
7151 7596
5186 6317
14237 14552
297 15732
2159 13473
5634 6302
1218 16524
1515 16491
6496 7837
722 8154
4358 5828
3569 13909
364 16441
7417 7794
6572 11364
9739 14804
764 14978
7630 14551
873 15385
10900 15386
9108 10852
804 2433
13168 13573
9002 11374
2656 7297
4069 4831
8516 16442
13406 14580
9666 11655
3983 11175
2409 17260
3542 12475
13100 15187
3513 12518
5586 16996
9630 13876
8835 12813
8866 17210
10428 15672
12497 17080
14113 17664
1707 2029
2412 11404
11432 13100
5068 11640
11471 15212
2034 6570
4838 9258
3408 3605
797 14165
2212 10093
3516 6736
901 4146
16252 16352
804 1894
3150 17543
6663 16999
831 3769
14826 16036
10064 17378
5338 12469
5136 13234
10978 12410
11314 14359
8624 9328
6128 12802
7792 9585
3988 16008
11328 15635
6845 16244
14896 16657
592 5923
3376 13820
57 2776
4356 17196
3922 4238
1000 17501
7113 11467
1115 6889
7213 14364
1915 11227
3115 5516
13038 17382
13452 13751
4718 10998
3158 11028
3033 7452
655 16510
900 3527
10246 13688
3294 11443
10371 11156
4723 9540
15632 16848
3207 16293
15337 15919
3065 16801
3156 7581
1483 5915
10436 11302
14898 14985
4792 7532
9575 14273
10169 10398
11219 13342
4891 6382
1383 16962
5241 15725
11873 16278
11599 16956
6447 12192
7595 16045
6794 7217
14817 14871
1027 3943
1477 10996
4252 6570
1081 5817
4030 5928
1397 9712
5564 16880
7128 13013
8241 16651
573 17739
5088 7768
9857 16938
4586 11217
491 5769
2319 13326
11197 12678
5799 6461
10569 12261
3770 12224
1578 15189
6316 7134
5677 7390
15371 17482
3760 15059
12891 15717
1093 2541
10953 16428
6465 16557
13092 16464
7344 8426
9941 12728
6693 10283
8652 17800
11390 14924
8636 9300
3788 9818
8586 9417
421 8722
8186 16571
1053 17284
616 12661
3501 16080
75 4070
13336 17610
6341 16735
3156 15425
1653 15359
7888 12793
15100 17130
4392 15219
11886 16244
3525 13580
3771 4814
5269 7341
2952 15992
15022 15528
10217 13973
9279 11161
8727 17184
11761 16336
9069 15840
5398 11061
7578 13244
14392 15949
2844 16721
2205 5966
2146 9723
2187 6250
4413 11881
8137 9606
5408 13227
1045 9501
603 16077
5644 17268
1723 17351
520 570
16943 17308
1041 11097
7507 16870
4017 4163
9228 13585
5905 17920
7855 17404
3646 14828
4764 10853
13482 16180
1648 14837
4482 8568
1694 1877
4905 10999
2218 14272
11214 12098
8537 14271
11555 17651
14996 15557
12725 15863
8228 14646
6895 11537
579 15077
2119 11953
2762 5585
8314 11190
2086 10136
8022 17871
7480 12032
9723 14897
5724 16004
7434 10706
5209 8587
8745 15302
5813 16721
538 762
7253 16187
904 10048
3764 8567
831 12915
9352 12201
4413 5366
7334 16517
3680 5481
3842 15494
4369 5667
12068 13598
4419 6613
293 5345
2890 7183
3676 10274
11385 14020
7827 9642
4291 12466
399 5245
13756 14582
1575 5612
7896 12351
4607 12070
7595 8186
5279 6115
6274 17546
427 9820
1287 3514
1039 10785
8545 9892
7127 13551
3973 15080
5062 9144
6431 12891
205 17266
4142 16898
15265 15921
3741 16054
10937 15513
8056 14012
6024 8909
12531 12959
493 13250
8226 10958
13815 15570
2964 7369
7169 13029
11775 13499
7318 9077
10044 12790
6070 7571
1725 10950
8539 17682
10532 10693
7216 17743
1611 4724
4414 5625
8317 13605
9445 9842
13757 14309
8570 15040
7539 13115
5363 17619
6585 11819
4542 7843
11169 11647
4366 10924
756 3182
1281 17647
4451 11793
3931 16380
181 16277
3884 11807
7951 8939
1969 12570
1607 15872
4693 11131
414 10715
12403 16237
2237 15085
5490 9103
5854 14189
8071 10064
1652 15325
2840 3074
11840 16489
2884 13927
3088 17758
2900 6302
5398 7905
3319 11947
11301 16940
3463 13485
2965 9921
5680 14635
10320 13697
7937 8696
1409 12603
6557 14784
3444 12313
2070 16844
3286 13933
8241 16934
29 9298
9013 15653
1331 3934
8076 14379
502 13140
8148 9859
770 4991
11971 16713
1290 14663
2990 9888
6333 8293
14460 16228
3738 15219
4826 9589
7572 16670
6163 8285
8198 8976
7241 11155
11319 14572
6634 16263
9650 15238
11828 14083
9987 13853
5809 15938
12154 15690
3615 10168
1010 13707
760 5200
7907 9409
710 15023
5205 9825
7402 16852
235 15967
3778 17189
9415 12125
3894 10982
1083 1105
11217 17723
5999 8383
9698 17320
807 11953
652 13660
10858 14558
2191 7809
1879 15486
6454 14277
7880 17339
9745 15213
8199 9814
1596 12786
226 10372
1463 6789
7966 11873
1166 2810
8842 17301
12494 13767
13243 16540
7913 8513
1846 10176
9205 16195
897 2319
6405 7215
7304 13128
