40 40
3489 -7189 7960 147 9471 -1570 -6899 4208 -164 5436 -9651 5150 3150 1557 7452 -9086 4592 529 4033 -9439 324 3558 3103 1054 -527 -5408 -4669 -9713 5659 -415 5278 -9547 -2366 -1213 -197 -5044 -9923 -3735 4323 -1055
-758 -3634 1234 5230 -3400 7941 -5408 -7035 -8110 -1592 253 2881 -9405 -8819 -574 757 2298 2963 4964 677 -1198 -3447 -4146 -9398 -9494 8162 -7296 9464 4154 5056 -5408 9671 8718 813 7425 -5550 695 -1883 -3853 9205
1523 5697 -9413 -1912 -5470 3548 3900 3920 7260 7228 -6837 -3965 5994 -9495 -5979 -2231 -324 5968 -4920 216 427 -7582 4659 -3987 479 3960 -2186 7168 7989 -9235 8554 -7481 5436 -8219 7719 520 2154 7025 9751 6295
7013 1459 -5777 -451 -5336 1019 -8352 -3928 -5976 -1339 -5686 -7673 9167 -8376 8955 4191 -4958 6920 -6733 891 -3198 -4286 4278 3341 -3053 -311 -380 5932 -3891 -4079 -6447 -686 -9641 -6988 5571 8191 1428 5737 -8908 -7992
-4630 -1133 -4509 8551 4421 531 -2857 6495 -5334 -2306 8893 2525 -5962 -1999 -1786 -9421 729 6839 -8885 5704 -7687 4218 -4561 -4966 -2177 -4626 -5028 -2062 4454 4269 3821 11 1291 6947 1961 6265 5284 7201 -425 -3483
-709 -6638 -6843 -8350 358 -8071 9507 -1824 3684 -592 -7114 -6070 6409 -1539 -2345 7439 2143 -2440 2917 5243 -7677 -1869 -4773 8195 -98 4506 -2694 -1569 -3707 -4009 7080 -1752 614 -8916 -3629 5382 8888 7410 -2396 -7506
-310 9863 2105 -7873 2302 2344 5347 -8591 -7396 -5922 7119 6652 1756 -9540 33 7892 2110 9568 -1694 -3996 5052 2384 -7207 2379 7531 -3800 4951 6915 4755 -6084 9947 -1388 2350 -7628 1438 3622 362 -7351 -6490 -5951
-8560 2676 8270 -8786 -4614 -26 6528 867 -7400 1686 5564 -4759 -1176 786 4393 -3666 7137 5048 7111 7040 3054 -9507 -191 1166 -1387 -5645 4772 5314 -3430 2406 3266 7571 9144 -35 7695 5052 2128 41 -6125 7254
-5483 -9457 -5828 -521 291 9422 -6698 5512 454 -7446 -3591 -8518 -4801 -7894 -8805 6154 -8838 2394 -4273 7438 -6763 6907 -7612 -9109 -4684 9647 7878 9389 -2560 -287 909 -3805 139 6441 -4878 6167 -1149 7472 5365 6466
-2659 4287 -9073 -2463 8773 -7785 1717 7063 -7861 -2373 -863 3850 344 1088 362 -5812 -7153 8690 -9615 6597 -2607 2129 -964 8754 7336 -7887 -6939 -2502 5283 9826 2105 8254 3201 -6501 7456 -8568 -9252 -6473 -5650 4480
-6757 2578 1933 7536 -129 -7851 -5969 6116 -9529 -8476 7127 1216 7438 1437 2355 9628 -2151 6943 -336 4092 -6372 -2644 5626 -8902 -7416 -1451 7128 -8095 -4042 -2285 794 -9432 9084 -5217 6421 7266 -1197 865 -4217 6438
-2746 -2791 1410 -1701 -5531 6303 -2453 2154 -4539 -6334 4698 -6531 3748 582 -9317 766 -8518 7784 -8380 -9988 -6259 3757 -3313 2074 -5117 3833 -2188 7735 -4172 4298 -8474 9609 -100 9942 -4358 -1900 9139 6650 -5399 -6694
8127 8695 5925 7295 -7241 8362 -6251 5405 -7667 -4820 -9429 -4694 -6119 -3550 -9782 8662 3212 2653 1987 9507 -5400 -8718 -8787 -18 -8439 -2494 -2510 2432 -4835 -4207 -8115 7558 -8491 209 9553 -9190 -1567 2998 4307 5404
5749 6910 7150 -9487 8084 -3370 -2828 6010 -767 -5899 7161 -3285 8344 -9967 9463 1911 2533 -9557 3027 9656 5074 -6523 7910 8658 2708 -8176 9757 70 -9902 9269 8417 7969 -9165 -7958 9969 1344 5392 204 3452 -8890
-8523 -5720 9188 7691 5490 2783 4284 -4399 6917 3779 -1642 -2317 8399 -5389 -6811 -3712 -1719 -4332 7164 7120 7340 -7695 -6156 -45 9222 5986 -4957 -4920 -9347 3760 2772 4530 4885 -4753 2317 4423 -9270 -7640 -2489 -6981
6155 76 7705 -2983 -2636 1011 3801 7625 -839 5674 -6852 -7767 -5448 -2035 8105 -4651 -6079 -1060 -5224 9388 -5906 2975 -1578 3873 9350 -9975 -244 9116 -4752 -2589 5698 7297 -1440 -3864 -4856 -6177 -6583 3509 -1050 4790
-1841 7939 8529 9002 -8816 -3024 -7555 8977 -9910 -5238 807 -645 -7686 -6520 -1682 4679 3693 -2177 607 6958 1165 -8926 -4286 -754 -3704 9323 1294 -3560 -9772 3276 -9079 2870 -3611 -2754 -3229 2332 -8241 1109 -173 -1376
7626 8115 9386 4496 4028 2889 6439 -4264 9010 8934 1141 4711 -2765 -5501 4928 4528 6513 -9428 -2245 -809 -9543 4983 -660 7395 6723 -197 -3562 7433 -4964 9241 9396 4454 433 9394 -230 -8768 -865 3688 7994 372
-8302 1697 -8966 -4755 1974 8636 5899 2590 -6066 6479 -8792 9196 9654 -6250 6178 9021 -5175 -7385 -3643 -8616 -9713 1500 -6913 7041 4663 -7404 449 884 4 -8630 803 848 -4819 -1069 6629 -3604 -4807 -3492 5341 -8006
-3676 -7567 -9451 1470 746 2178 3402 9187 7379 4163 2475 2565 -2377 -6423 8142 -5686 -7806 3729 -8396 -8025 9574 1986 -5763 -526 -2687 -8959 9782 8308 4755 -17 930 1194 1719 -3650 7974 5175 6902 -7774 6994 -593
4009 7659 -9874 2652 8028 1632 -1747 -1022 -142 3219 6557 -9686 2594 6900 9554 -1651 743 -5040 4795 8055 -7449 -8407 -2939 704 -1188 5874 6515 8002 -8005 -4126 246 62 -1210 6285 -490 8987 -2378 8411 -6312 5171
5195 -5247 9842 8276 355 4767 1696 -3665 -7066 7746 4475 7412 -1782 5346 -2224 -6607 -5506 -9556 -622 4165 -4024 -6875 3098 -2355 5986 9327 -8121 1183 3682 1584 6661 -9743 -9752 -64 475 5449 -3472 4913 7329 422
2083 -3115 997 -5346 9669 8939 9721 7438 -317 -1193 -4134 7031 -3180 -7872 -6460 8590 4775 -9555 -6540 336 4673 995 -8392 -2487 297 -8573 3165 9834 -2656 -1811 5634 -9085 424 -8927 1567 5880 5114 9721 -3797 1319
7182 -3352 -3067 6949 8174 7972 -2497 3949 -7662 5986 -2115 -6039 8831 -4335 3326 -3866 -9996 -9553 -4119 -8093 -8411 5946 -5503 -4161 1995 9473 -4107 -2051 -7022 -3077 48 -9626 303 976 -5815 -6112 9422 7938 8030 4571
9507 -527 2866 -7436 1081 5859 7703 -1618 -7163 7556 4856 -9970 -8789 -1926 -5216 5338 -3368 6882 6669 3299 -1417 9491 7251 -2778 -6418 -6588 -5133 -5988 -9908 1969 -8531 -3898 943 -6159 4685 7365 -1563 -5888 -247 -2701
6328 -3596 -1480 2518 464 1719 -5353 326 -9765 -4463 -546 -2935 2607 -6456 3978 -3905 -3368 -7928 4937 1756 360 -5369 3987 -9962 8087 -4472 -8065 -9576 -6462 7558 145 9491 6782 3025 -6433 9573 4279 -1412 8377 -5705
-5501 686 7351 -6016 9824 1355 -3640 -6935 36 9513 8157 -3673 -2308 9281 4124 4777 9905 -9613 8685 -2283 3055 -3582 -9626 -9056 8371 -8679 23 -4040 9303 -8377 -4297 -9020 7661 -6458 -4546 -6988 -2922 -7486 5552 1421
-1081 1277 3253 -6575 5555 5690 4874 -5236 -6005 596 6341 -1953 5077 -6920 -1814 5280 6862 -2772 -6392 7034 7941 -4721 -2786 3561 6084 4198 -3181 -9167 1295 6785 2006 3121 626 2344 3546 -8234 966 -6940 -2901 7609
153 1046 -6067 -3306 3082 -3774 3960 28 -3734 6113 -7658 -2517 9886 9479 6630 2000 1434 6268 9636 -2754 -9180 1698 -1714 2584 -6289 6689 2529 -161 2619 -6382 6938 7352 -6020 7814 -8410 -5714 7365 -8965 8917 489
1008 5722 -9052 7994 -1620 7756 -7523 4202 -6726 5736 -3105 7249 9561 3815 -7705 -1873 5397 6640 -359 -9259 9161 460 590 3858 8600 -1836 6768 4439 9605 3343 6766 8178 -858 7653 5823 2910 -1689 9658 -7755 -990
8079 6512 -7517 1319 -7275 -7275 7700 -3335 -7069 2252 6924 -6603 -5415 4735 7926 -819 -4291 7677 2895 -425 -5720 -541 2179 -5000 5341 -3960 5586 6556 3766 -5654 -3626 3806 5298 -1635 8048 4550 -5993 9955 183 3565
-2296 -3216 1961 6263 5716 -8319 81 1400 2677 -3656 -1678 2763 -5112 2752 -5516 3560 -220 -1522 -9104 -6554 -6410 8042 -2861 -6602 3193 5586 8721 -385 -3091 -8203 -2036 3056 100 5329 1580 -7537 8282 6672 7380 -3180
-8568 -1645 7864 2716 -5149 8142 9695 8542 4644 -2817 -3949 9313 851 -9112 -4031 -8796 -3138 -7659 -6038 -4387 9690 8608 6066 5906 -471 8062 -5037 -6966 1549 3670 4469 6994 -2782 1698 -4219 383 9384 -7838 7107 -8512
4817 -7539 -5544 7285 6249 5469 -7475 -904 -8763 -1179 5980 -1042 1413 -632 -1369 1894 -5352 -7667 3890 9975 7213 -2594 5040 -3108 7927 1238 5062 -6958 7123 -3351 6870 -8126 -3153 -8859 9705 8117 930 5317 4794 -2898
-3510 -3767 1854 1392 9750 2529 -8572 -1086 7110 6500 -7125 767 -1854 4591 -7729 8714 5201 -1522 -774 -5939 5594 8376 9670 -5423 4973 -160 -8649 8507 1351 -2944 -8780 9103 -3299 1 7206 -7145 -1256 -2641 -7086 -1796
-8411 -8615 8704 -3723 -713 5303 671 -9441 3804 222 711 -7415 -6104 -5998 -8222 6376 1939 1106 -4785 5784 5364 9005 8078 -1026 7957 6866 -5468 4027 8508 -9209 -1673 8295 9786 5569 -2529 -8369 7080 -5088 7066 1859
1997 6638 3023 -615 -2303 5398 7544 8847 1072 -8619 984 8683 7202 -3067 1312 -3402 252 5274 -6468 7802 -9820 5584 -4894 4078 -1135 -9676 -9491 -98 7052 -2619 -2791 3166 -2269 -5268 2915 -3532 420 4637 -3459 8340
8210 -3698 -7962 -942 530 -9496 -3683 -6674 -6601 -5533 -1816 -9887 6926 2425 -3020 -1811 4834 -6590 -5028 -7311 4382 6414 -1598 9607 -389 -2749 -1202 8187 -1245 -6724 5658 4954 7747 -9851 -1138 -516 -4287 2829 5833 5611
7176 -7251 9916 -8744 5937 5446 -1330 -9395 -4390 2160 -6132 -7869 -7368 6692 758 4335 -3110 2152 -2214 414 -8642 -7606 478 5232 3966 -2365 8881 -2095 -103 4531 6291 9762 8051 -4351 6423 7035 7841 -512 -7927 -6285
7091 9525 -7788 -1691 -9282 2500 9489 -2326 -3192 9666 9174 5550 9257 2292 548 -9049 3032 -4016 4449 1870 5592 -7121 -3804 4340 -7921 5119 2292 -8727 -2444 6194 -3377 -9001 9694 -9908 5666 -8775 -5554 -5281 -1497 831
24 9
